0.594212,0.725822
0.522787,0.655106
0.5025,0.607384
0.46897,0.541174
0.424028,0.482267
0.648185,0.404782
0.552829,0.27169
0.468974,0.334638
0.448425,0.43432
0.634415,0.350959
0.504983,0.270884
0.429487,0.347701
0.416566,0.445016
0.600191,0.324424
0.460867,0.269963
0.418011,0.376294
0.424193,0.473658
0.560324,0.31926
0.459043,0.314725
0.440316,0.401061
0.448483,0.471409
end 
0.623519,0.770286
0.485711,0.640305
0.472362,0.57132
0.444993,0.482786
0.400266,0.442948
0.628747,0.38844
0.421045,0.2448
0.365068,0.322407
0.40005,0.407297
0.6508,0.33299
0.411535,0.265529
0.371914,0.347937
0.409751,0.403662
0.633052,0.309369
0.40734,0.266692
0.382908,0.375928
0.430673,0.439806
0.601153,0.300753
0.431143,0.289956
0.422265,0.396283
0.464635,0.452808
end 
0.615928,0.746899
0.496831,0.623363
0.480501,0.559994
0.45416,0.474723
0.419346,0.432662
0.626607,0.388766
0.434791,0.240101
0.368351,0.303603
0.390421,0.381724
0.63025,0.331418
0.433742,0.257247
0.396975,0.321732
0.427064,0.368618
0.611454,0.308757
0.412954,0.264575
0.390485,0.354632
0.430477,0.412414
0.586488,0.302564
0.439632,0.27644
0.420567,0.370842
0.444442,0.432182
end 
0.544694,0.64029
0.475218,0.575624
0.488835,0.547644
0.46589,0.52102
0.424374,0.518924
0.598268,0.31895
0.481443,0.255656
0.440335,0.356661
0.476334,0.456897
0.585092,0.24454
0.463587,0.27404
0.447206,0.393616
0.483061,0.477501
0.551819,0.229173
0.426392,0.299
0.432203,0.427305
0.479718,0.500787
0.517565,0.23902
0.412525,0.31398
0.412949,0.435613
0.44386,0.507151
end 
0.501105,0.746463
0.463876,0.635288
0.483312,0.565676
0.478879,0.504442
0.458769,0.486887
0.563604,0.388252
0.507854,0.23773
0.470746,0.267773
0.490065,0.333598
0.55183,0.337676
0.505855,0.236653
0.47675,0.286884
0.482814,0.372003
0.527024,0.332657
0.47652,0.252321
0.45764,0.325336
0.472508,0.413156
0.502586,0.351361
0.461241,0.302132
0.450189,0.358565
0.45426,0.421875
end 
0.545456,0.73933
0.46833,0.649005
0.46618,0.601625
0.446195,0.540339
0.413107,0.512451
0.60325,0.409947
0.536503,0.260247
0.47851,0.29243
0.482485,0.370628
0.597221,0.346048
0.521857,0.252328
0.464646,0.314463
0.461422,0.414521
0.570091,0.326868
0.489181,0.267449
0.459008,0.343736
0.473668,0.432762
0.53797,0.336358
0.463536,0.307908
0.439196,0.373634
0.445616,0.440181
end 
0.552905,0.706387
0.475789,0.619441
0.463497,0.569833
0.431672,0.524667
0.369636,0.514906
0.604619,0.37253
0.527128,0.265529
0.473212,0.320357
0.481849,0.399618
0.603477,0.327509
0.516207,0.282467
0.469272,0.35764
0.477002,0.450385
0.582488,0.323711
0.500413,0.314192
0.473967,0.400511
0.492896,0.480424
0.557828,0.340118
0.490793,0.352176
0.469052,0.421682
0.473236,0.48412
end 
0.572899,0.689348
0.486788,0.60919
0.47602,0.561846
0.441429,0.513507
0.39272,0.497912
0.616985,0.349947
0.504432,0.257926
0.448516,0.321167
0.466794,0.409148
0.619264,0.295552
0.494683,0.284017
0.451127,0.37149
0.467237,0.460965
0.59544,0.287352
0.478109,0.302302
0.453357,0.397375
0.475813,0.475568
0.567105,0.30225
0.472834,0.327757
0.452151,0.414794
0.463547,0.482771
end 
0.693448,0.778512
0.656698,0.646198
0.632024,0.564112
0.552604,0.505679
0.493218,0.479114
0.694617,0.237554
0.477976,0.211336
0.410762,0.333189
0.422604,0.450758
0.642135,0.217769
0.339959,0.251483
0.317101,0.402663
0.381196,0.515017
0.572744,0.243917
0.297731,0.317357
0.316976,0.46709
0.383455,0.536327
0.502016,0.294786
0.282226,0.392769
0.300624,0.503301
0.363233,0.532858
end 
0.736978,0.700965
0.686557,0.490195
0.64234,0.391234
0.584239,0.354527
0.52314,0.335465
0.774541,0.345095
0.750821,0.288626
0.694214,0.277398
0.644332,0.274684
0.739923,0.413853
0.679366,0.390277
0.613388,0.40748
0.583891,0.409756
0.687961,0.495486
0.622201,0.460722
0.602196,0.493891
0.61164,0.528661
0.632225,0.572684
0.606333,0.569817
0.59476,0.5923
0.591323,0.599572
end 
0.603988,0.666139
0.478184,0.623403
0.425693,0.569773
0.387975,0.496467
0.348222,0.44549
0.617223,0.341751
0.483365,0.313662
0.435809,0.418306
0.446581,0.508139
0.642235,0.301726
0.452697,0.32782
0.419357,0.446597
0.450022,0.521154
0.632375,0.290182
0.457987,0.319592
0.42848,0.440543
0.445038,0.516585
0.595489,0.308327
0.483719,0.281407
0.460422,0.366913
0.472301,0.450745
end 
0.796395,0.766353
0.674911,0.63927
0.613,0.549859
0.515741,0.49081
0.395912,0.435275
0.740459,0.37811
0.642359,0.267434
0.543483,0.238263
0.45787,0.255006
0.764453,0.41616
0.540026,0.433401
0.465777,0.502741
0.425617,0.545983
0.760144,0.48412
0.529898,0.535488
0.557185,0.627563
0.6099,0.669413
0.748561,0.573962
0.57073,0.623905
0.586718,0.662661
0.632753,0.671104
end 
0.487534,0.845735
0.439467,0.694686
0.457154,0.623291
0.473964,0.603709
0.480558,0.609285
0.468377,0.495569
0.571912,0.367665
0.607735,0.318757
0.614402,0.294771
0.479217,0.545337
0.617718,0.39877
0.668364,0.371907
0.674481,0.386783
0.509859,0.615931
0.656878,0.451595
0.694637,0.453161
0.687714,0.496626
0.548902,0.695273
0.64484,0.581572
0.674032,0.590472
0.676801,0.625713
end 
0.459489,0.869155
0.307984,0.745539
0.283314,0.603438
0.293529,0.497625
0.34163,0.450204
0.317114,0.493609
0.353447,0.276021
0.411469,0.244482
0.433338,0.289366
0.445876,0.499033
0.517597,0.266538
0.551539,0.266845
0.540869,0.345284
0.571744,0.535992
0.642098,0.313227
0.656831,0.339575
0.629513,0.426465
0.6806,0.604166
0.765545,0.443602
0.784593,0.438545
0.762625,0.478547
end 
0.535446,0.826162
0.35716,0.740388
0.315691,0.627791
0.319379,0.53821
0.348389,0.498521
0.421384,0.460784
0.463768,0.219883
0.488524,0.174696
0.489137,0.211702
0.559847,0.47298
0.645105,0.210923
0.65043,0.225002
0.623608,0.316409
0.687544,0.51593
0.769271,0.296492
0.756526,0.323361
0.713074,0.405581
0.792586,0.579275
0.846816,0.434299
0.832797,0.440311
0.795725,0.482561
end 
0.553903,0.844364
0.353139,0.739079
0.289731,0.606327
0.284882,0.515104
0.307133,0.48343
0.424887,0.478353
0.465867,0.239979
0.475067,0.208259
0.462613,0.252691
0.565712,0.484806
0.626588,0.216467
0.628108,0.266403
0.601841,0.379803
0.687639,0.532584
0.75019,0.289828
0.747574,0.353368
0.710749,0.462722
0.786253,0.601052
0.854733,0.432711
0.843897,0.461607
0.799362,0.535206
end 
0.485462,0.85366
0.31394,0.763632
0.270662,0.669535
0.252831,0.598039
0.248178,0.574733
0.338292,0.492228
0.366785,0.275015
0.412133,0.265936
0.422956,0.316789
0.477278,0.493134
0.532274,0.287744
0.549394,0.322951
0.541342,0.405138
0.603588,0.53562
0.657572,0.361689
0.652109,0.406766
0.623352,0.483885
0.70513,0.602314
0.73777,0.485348
0.72686,0.513661
0.704433,0.570718
end 
0.530374,0.817041
0.337827,0.742282
0.284123,0.643171
0.282978,0.542823
0.321918,0.489726
0.377021,0.447963
0.406013,0.20275
0.444925,0.154159
0.467584,0.200932
0.523849,0.447705
0.586286,0.221066
0.600161,0.233539
0.591324,0.322502
0.654001,0.4915
0.717063,0.309135
0.709498,0.337399
0.67536,0.422076
0.763952,0.561463
0.81722,0.434498
0.801855,0.44851
0.763828,0.508399
end 
0.501918,0.869223
0.338209,0.761647
0.318587,0.641661
0.337286,0.562329
0.356757,0.531865
0.368848,0.454506
0.395764,0.259429
0.432429,0.199155
0.449886,0.210542
0.494538,0.455365
0.555459,0.267252
0.57575,0.273427
0.584458,0.338539
0.610546,0.490711
0.676544,0.332154
0.667655,0.355643
0.64478,0.425665
0.71097,0.550633
0.746121,0.437495
0.730998,0.450335
0.71462,0.500694
end 
0.422594,0.824977
0.505147,0.714016
0.608725,0.601922
0.689138,0.487007
0.76462,0.411408
0.479761,0.525044
0.606941,0.336998
0.71031,0.259339
0.787112,0.206466
0.438157,0.543531
0.599395,0.31227
0.72475,0.238455
0.811766,0.198997
0.444357,0.567651
0.567167,0.346392
0.683739,0.267869
0.775982,0.210794
0.470099,0.594311
0.554545,0.473398
0.632474,0.422138
0.696156,0.362132
end 
0.488063,0.800442
0.5074,0.780614
0.52478,0.698371
0.55779,0.586282
0.562674,0.501319
0.453398,0.526745
0.502754,0.364803
0.553466,0.28302
0.603614,0.212916
0.462691,0.489418
0.513547,0.296202
0.563175,0.205548
0.607351,0.12702
0.493372,0.482317
0.545635,0.290949
0.585311,0.191994
0.626872,0.110317
0.543421,0.494805
0.608534,0.340866
0.654914,0.252674
0.704104,0.175715
end 
0.587901,0.858021
0.664157,0.653191
0.659759,0.483595
0.583088,0.387517
0.522927,0.312936
0.741072,0.52801
0.577514,0.30048
0.481472,0.30135
0.455052,0.344326
0.614376,0.590105
0.431938,0.366731
0.3936,0.401183
0.430908,0.462691
0.484828,0.653417
0.320353,0.447898
0.334724,0.515445
0.410885,0.593054
0.370717,0.718655
0.261905,0.556493
0.294099,0.590944
0.354588,0.638363
end 
0.552796,0.748502
0.47671,0.640162
0.488359,0.575279
0.473358,0.507366
0.431868,0.478815
0.606872,0.389017
0.526958,0.253064
0.472552,0.290531
0.479475,0.356674
0.599344,0.330501
0.507447,0.255572
0.450343,0.31553
0.448672,0.405133
0.572985,0.318525
0.477289,0.276301
0.439934,0.354246
0.454653,0.440526
0.541615,0.332822
0.462015,0.323499
0.430051,0.38714
0.433723,0.447643
end 
0.551176,0.739614
0.486068,0.63295
0.501116,0.572972
0.480853,0.498263
0.441155,0.465797
0.616246,0.387987
0.493788,0.272267
0.43408,0.323377
0.449443,0.390677
0.60383,0.334725
0.463964,0.285621
0.417151,0.351323
0.439827,0.426596
0.57054,0.318651
0.426245,0.290555
0.39822,0.372251
0.427947,0.444045
0.533579,0.322891
0.423595,0.308695
0.39719,0.374114
0.408576,0.428712
end 
0.509903,0.820293
0.500451,0.685124
0.496407,0.606699
0.489511,0.516241
0.490311,0.43242
0.538212,0.48048
0.514675,0.326563
0.485848,0.239092
0.456552,0.181238
0.509661,0.478489
0.487707,0.326266
0.45834,0.230402
0.438074,0.173946
0.465649,0.488464
0.449829,0.351069
0.428879,0.259292
0.40865,0.214755
0.431266,0.513126
0.421635,0.392075
0.410588,0.318684
0.397061,0.277291
end 
0.505332,0.844587
0.356691,0.745697
0.310599,0.600501
0.277285,0.500678
0.284343,0.450906
0.46625,0.443982
0.493004,0.272151
0.492449,0.180519
0.490619,0.122455
0.560599,0.496982
0.483048,0.473449
0.377992,0.586081
0.322809,0.632231
0.646808,0.589398
0.549721,0.58432
0.456552,0.673984
0.421617,0.715687
0.712085,0.69811
0.630255,0.703132
0.547464,0.760858
0.511721,0.792605
end 
0.60749,0.810066
0.490907,0.77967
0.392525,0.655946
0.3627,0.602969
0.406021,0.616668
0.527727,0.445076
0.51967,0.27432
0.521583,0.197808
0.528424,0.139231
0.650586,0.464595
0.540107,0.50055
0.485822,0.652678
0.478495,0.692849
0.748238,0.544191
0.639837,0.598146
0.581344,0.718121
0.581408,0.73918
0.825102,0.639991
0.730464,0.711395
0.66792,0.788074
0.664082,0.792703
end 
0.513842,0.845791
0.363825,0.836749
0.258047,0.716271
0.264366,0.677149
0.35703,0.66309
0.393594,0.468369
0.398905,0.281705
0.378296,0.213509
0.353511,0.176698
0.543077,0.479904
0.452943,0.498155
0.386149,0.660661
0.377432,0.71719
0.669368,0.567333
0.570544,0.627814
0.489084,0.763796
0.474609,0.810329
0.759477,0.673747
0.673899,0.767366
0.60404,0.84226
0.588795,0.855901
end 
0.503894,0.834215
0.327701,0.808086
0.19776,0.698422
0.200584,0.682595
0.324813,0.710386
0.391604,0.435792
0.365302,0.277129
0.321908,0.248886
0.283137,0.252714
0.542923,0.436824
0.46136,0.395313
0.389257,0.550219
0.366481,0.635133
0.673887,0.507647
0.584544,0.510621
0.501562,0.667484
0.466269,0.748478
0.762546,0.603355
0.69633,0.648905
0.609952,0.742939
0.558482,0.782968
end 
0.519943,0.798403
0.330002,0.779901
0.196653,0.656902
0.196819,0.636514
0.302952,0.710387
0.390052,0.342458
0.374894,0.240059
0.319029,0.35437
0.278909,0.467729
0.560507,0.359786
0.54046,0.296944
0.441786,0.509902
0.38026,0.653011
0.717347,0.43127
0.687591,0.42243
0.566638,0.630471
0.48854,0.752046
0.82748,0.521246
0.811291,0.560642
0.718576,0.686918
0.645286,0.756138
end 
0.490566,0.799953
0.296591,0.774854
0.160891,0.669885
0.166585,0.654432
0.259036,0.680229
0.318454,0.305746
0.287671,0.223622
0.239862,0.33107
0.220678,0.429348
0.505984,0.285735
0.453676,0.282302
0.388826,0.495636
0.368086,0.595393
0.678107,0.347771
0.638185,0.397411
0.554483,0.598884
0.519641,0.67428
0.812834,0.446664
0.78218,0.514812
0.707266,0.653954
0.665676,0.705636
end 
0.509185,0.758697
0.319751,0.757892
0.172389,0.657921
0.176161,0.637015
0.278521,0.664408
0.329885,0.288663
0.290563,0.219383
0.25781,0.332536
0.238418,0.438789
0.511389,0.264471
0.465825,0.26212
0.411608,0.482787
0.378863,0.616931
0.678016,0.315521
0.664582,0.339461
0.590876,0.550744
0.532585,0.670394
0.807729,0.398515
0.811175,0.429175
0.749323,0.570933
0.68766,0.656895
end 
0.524193,0.773303
0.329078,0.780228
0.16411,0.669805
0.172155,0.634192
0.287457,0.671315
0.333815,0.289902
0.288225,0.224058
0.258896,0.325117
0.252247,0.419712
0.524343,0.263043
0.471385,0.261408
0.412089,0.489926
0.383478,0.624214
0.700358,0.316256
0.658689,0.348965
0.585536,0.563452
0.546798,0.671892
0.837676,0.403677
0.81038,0.435367
0.744595,0.588584
0.697249,0.675134
end 
0.472096,0.7728
0.282022,0.756253
0.140793,0.648255
0.166048,0.612854
0.270536,0.629809
0.317055,0.301104
0.300397,0.221871
0.291498,0.329112
0.283421,0.418173
0.48904,0.278289
0.462037,0.279605
0.417002,0.502055
0.394121,0.614915
0.645034,0.328393
0.639153,0.340198
0.580844,0.551904
0.53712,0.660806
0.770914,0.412231
0.788896,0.399943
0.732722,0.549043
0.681137,0.643747
end 
0.491389,0.788398
0.324261,0.781452
0.177318,0.69762
0.180572,0.681173
0.259961,0.705665
0.310077,0.349457
0.300924,0.270531
0.275553,0.305302
0.252877,0.335707
0.492564,0.319795
0.445516,0.306548
0.399567,0.499921
0.380677,0.614565
0.662171,0.366704
0.629466,0.386607
0.572101,0.569462
0.537281,0.66136
0.799905,0.453018
0.795451,0.466809
0.74467,0.58713
0.700457,0.665476
end 
0.540654,0.783154
0.38383,0.798904
0.215151,0.705318
0.227259,0.673639
0.340776,0.676879
0.347776,0.324955
0.335042,0.300798
0.326517,0.364193
0.318147,0.403434
0.525731,0.288632
0.479076,0.34749
0.445597,0.557859
0.442271,0.653651
0.694984,0.330111
0.656356,0.404033
0.608531,0.597265
0.594291,0.677594
0.834097,0.405402
0.799836,0.456233
0.747659,0.595986
0.727408,0.668445
end 
0.530818,0.704296
0.365962,0.724453
0.191873,0.678216
0.193646,0.701147
0.304273,0.726517
0.332035,0.265849
0.284227,0.341768
0.27505,0.482082
0.274985,0.55782
0.512931,0.242341
0.439494,0.394072
0.403666,0.589164
0.402006,0.671259
0.681034,0.308208
0.62466,0.468052
0.571555,0.634844
0.552156,0.701627
0.816652,0.410287
0.775119,0.518025
0.72488,0.637914
0.702656,0.700465
end 
0.543169,0.70449
0.382567,0.724527
0.206235,0.747997
0.156456,0.83201
0.227603,0.866163
0.349283,0.35422
0.277523,0.487922
0.261931,0.627016
0.257595,0.673801
0.529585,0.322134
0.45018,0.540653
0.416087,0.700621
0.398883,0.765059
0.698208,0.376527
0.639119,0.569987
0.61629,0.710996
0.609079,0.773037
0.834385,0.459376
0.804727,0.582508
0.78234,0.678487
0.768337,0.734452
end 
0.547622,0.666006
0.397288,0.700498
0.231232,0.670726
0.175194,0.718606
0.240342,0.753572
0.387076,0.340501
0.249821,0.511666
0.219778,0.574234
0.195515,0.580691
0.562225,0.333125
0.396071,0.665041
0.364184,0.785559
0.352948,0.822052
0.71082,0.452316
0.534948,0.783602
0.505235,0.866921
0.503804,0.882093
0.833199,0.615992
0.700013,0.810631
0.643452,0.841061
0.613508,0.823634
end 
0.58636,0.613255
0.401282,0.651203
0.228507,0.597964
0.191153,0.66168
0.288315,0.731046
0.415463,0.230796
0.278502,0.363396
0.219963,0.470636
0.190528,0.508322
0.592251,0.244317
0.403255,0.464747
0.34395,0.628862
0.340279,0.634875
0.743893,0.326886
0.571662,0.571275
0.508132,0.676987
0.497591,0.648736
0.861723,0.430884
0.743054,0.613629
0.669639,0.685569
0.630696,0.656649
end 
0.552016,0.565385
0.36259,0.614283
0.191137,0.566387
0.176275,0.644687
0.29083,0.698127
0.351921,0.269777
0.258418,0.304358
0.189347,0.280546
0.123222,0.250449
0.54814,0.241921
0.375481,0.500712
0.326643,0.657303
0.318938,0.690401
0.690904,0.335117
0.531163,0.601002
0.482669,0.707136
0.479654,0.7001
0.802331,0.468485
0.664061,0.668786
0.602384,0.721042
0.578723,0.682665
end 
0.568039,0.599175
0.376585,0.62631
0.225274,0.593132
0.212636,0.653886
0.306124,0.713797
0.367733,0.346442
0.283367,0.319911
0.199798,0.240872
0.126901,0.149444
0.551513,0.289646
0.378604,0.526233
0.334938,0.665128
0.346079,0.681838
0.691805,0.366401
0.528243,0.600223
0.486124,0.679337
0.496436,0.659654
0.803329,0.49047
0.674045,0.667401
0.616306,0.713539
0.602726,0.679157
end 
0.570461,0.640134
0.442058,0.684672
0.283606,0.650783
0.259246,0.703556
0.338946,0.755257
0.399919,0.412351
0.32177,0.335983
0.268523,0.246487
0.225336,0.145092
0.548181,0.364385
0.432595,0.513417
0.392905,0.658758
0.389446,0.70231
0.667521,0.421291
0.563496,0.574203
0.511781,0.689905
0.495728,0.714259
0.773225,0.516766
0.695239,0.65094
0.639936,0.727463
0.615493,0.735324
end 
0.584097,0.710397
0.445536,0.740992
0.278164,0.683337
0.243117,0.709092
0.318097,0.74164
0.410913,0.409036
0.335845,0.328905
0.276389,0.244318
0.227031,0.155763
0.570111,0.368242
0.423982,0.529608
0.386429,0.682418
0.399303,0.737069
0.703901,0.436717
0.549922,0.619297
0.503707,0.725305
0.509099,0.757556
0.811164,0.546795
0.690839,0.698572
0.631296,0.758292
0.618717,0.767403
end 
0.60997,0.72489
0.488572,0.729713
0.335611,0.673204
0.289876,0.711315
0.349706,0.758993
0.46001,0.413566
0.390226,0.31039
0.345354,0.231886
0.31188,0.146634
0.606468,0.384386
0.458702,0.516993
0.42659,0.652489
0.443697,0.69099
0.715881,0.447645
0.552353,0.615718
0.502288,0.714947
0.51008,0.723417
0.798335,0.554226
0.662046,0.709309
0.610135,0.760165
0.613508,0.750051
end 
0.599732,0.700477
0.453246,0.706221
0.295189,0.648981
0.25017,0.701014
0.339882,0.767932
0.444619,0.397489
0.383478,0.299851
0.340146,0.220502
0.310169,0.132561
0.605566,0.372786
0.44826,0.544206
0.406178,0.678361
0.42182,0.708105
0.732313,0.447707
0.55138,0.651649
0.48664,0.741146
0.485715,0.749246
0.822602,0.562023
0.675322,0.727227
0.600797,0.769959
0.582896,0.7595
end 
0.576541,0.70691
0.423657,0.729855
0.258649,0.672542
0.227476,0.709454
0.328817,0.748695
0.403506,0.411966
0.338451,0.318343
0.288939,0.230918
0.255116,0.142796
0.575088,0.372794
0.40903,0.568909
0.375929,0.713711
0.40018,0.750373
0.709375,0.447175
0.529159,0.669829
0.484767,0.757155
0.501876,0.7699
0.809072,0.56314
0.666982,0.740667
0.605333,0.782569
0.598451,0.772734
end 
0.578495,0.715325
0.428235,0.741377
0.264711,0.682559
0.235848,0.733242
0.343493,0.779543
0.414425,0.424591
0.357314,0.321794
0.312656,0.239359
0.281099,0.145981
0.582295,0.383237
0.418769,0.556938
0.383289,0.70317
0.407043,0.735963
0.709114,0.456567
0.524417,0.66411
0.481198,0.755873
0.502099,0.764213
0.800688,0.57722
0.649461,0.747536
0.592244,0.786428
0.592742,0.771197
end 
0.594936,0.700678
0.44603,0.72152
0.275153,0.660116
0.238105,0.697385
0.328662,0.73822
0.424754,0.407306
0.350288,0.31689
0.294554,0.236169
0.254104,0.15041
0.595572,0.374354
0.421876,0.570626
0.378185,0.718633
0.396019,0.760162
0.731445,0.455452
0.544888,0.66789
0.490071,0.755951
0.49825,0.775187
0.837395,0.580246
0.698131,0.735932
0.628402,0.776252
0.609535,0.775906
end 
0.568796,0.646589
0.363811,0.649463
0.218407,0.596222
0.187111,0.655409
0.227978,0.736872
0.40925,0.363452
0.33935,0.321113
0.286686,0.244184
0.244129,0.142291
0.575656,0.321263
0.383564,0.526445
0.329249,0.626939
0.357346,0.611728
0.70243,0.399155
0.515156,0.61395
0.454669,0.686659
0.481073,0.67521
0.800316,0.512309
0.645585,0.682756
0.577575,0.740679
0.588702,0.720578
end 
0.580332,0.649496
0.478424,0.628976
0.350739,0.580039
0.362021,0.623799
0.425611,0.682036
0.463767,0.329911
0.437137,0.252262
0.396036,0.188548
0.37098,0.155168
0.605298,0.300157
0.597021,0.304915
0.541067,0.361491
0.507411,0.42907
0.736322,0.340706
0.669007,0.474343
0.554399,0.629517
0.491906,0.71402
0.831658,0.41862
0.774463,0.505995
0.664365,0.625872
0.585613,0.701756
end 
0.748771,0.852314
0.528247,0.91516
0.418037,0.848107
0.406876,0.741341
0.44321,0.620671
0.573992,0.672324
0.463093,0.434815
0.378531,0.30776
0.316104,0.249122
0.705678,0.583746
0.55801,0.421642
0.487176,0.439412
0.455873,0.489529
0.773883,0.561624
0.575704,0.515993
0.561211,0.630106
0.607425,0.691074
0.82522,0.55669
0.645057,0.561224
0.62721,0.640107
0.670051,0.667881
end 
0.672783,0.74472
0.707916,0.644637
0.68836,0.576354
0.66605,0.571617
0.649894,0.545923
0.685259,0.429692
0.663326,0.34552
0.639226,0.27031
0.59289,0.200009
0.643601,0.522002
0.638074,0.510759
0.584022,0.522248
0.543295,0.511197
0.606363,0.649023
0.666734,0.69171
0.609709,0.707413
0.544525,0.710509
0.578653,0.791899
0.630209,0.82284
0.584883,0.835493
0.518658,0.835805
end 
0.44174,0.691911
0.587069,0.646891
0.648422,0.613211
0.609946,0.564834
0.571697,0.484915
0.633982,0.412749
0.582729,0.44415
0.568451,0.516559
0.568258,0.538546
0.440177,0.394089
0.382122,0.47552
0.377078,0.549945
0.387565,0.582111
0.280432,0.407949
0.250395,0.542265
0.25987,0.690888
0.295636,0.760127
0.153927,0.430978
0.135618,0.54495
0.166617,0.670305
0.223765,0.744569
end 
0.62073,0.854287
0.551175,0.738202
0.514946,0.678537
0.488452,0.633614
0.456237,0.567405
0.643249,0.518724
0.609934,0.457695
0.575566,0.401332
0.5475,0.330225
0.634505,0.56256
0.517309,0.515586
0.455119,0.544614
0.43012,0.556
0.611483,0.605742
0.482972,0.591237
0.446577,0.64756
0.433834,0.677293
0.569537,0.652122
0.498329,0.611467
0.476173,0.642739
0.464908,0.668676
end 
0.521183,0.757893
0.427802,0.73999
0.309643,0.698107
0.317818,0.730748
0.381119,0.776309
0.407923,0.47978
0.376261,0.307216
0.365203,0.228336
0.358204,0.128629
0.549827,0.4928
0.598479,0.400449
0.629629,0.310604
0.662759,0.205642
0.677504,0.531314
0.582117,0.654108
0.451419,0.739514
0.384599,0.762084
0.746563,0.630083
0.628148,0.749057
0.530535,0.822885
0.480628,0.852349
end 
0.472418,0.70801
0.374954,0.718023
0.300129,0.656102
0.352883,0.636475
0.442483,0.641746
0.31827,0.448018
0.268612,0.320408
0.239662,0.237728
0.214168,0.150782
0.430922,0.417291
0.448662,0.306521
0.47232,0.211394
0.483511,0.114063
0.541901,0.446724
0.567947,0.496961
0.523573,0.622011
0.471061,0.674659
0.638452,0.524127
0.647477,0.602378
0.595313,0.689417
0.525139,0.727059
end 
0.561183,0.772507
0.459999,0.769125
0.406699,0.701825
0.483836,0.67014
0.577182,0.640358
0.416184,0.514053
0.362963,0.369883
0.341109,0.276383
0.319186,0.182756
0.538221,0.483683
0.558849,0.339206
0.583025,0.22509
0.603544,0.111767
0.638443,0.50492
0.677628,0.530848
0.63951,0.639212
0.59377,0.690101
0.725462,0.564651
0.734681,0.626957
0.698462,0.714313
0.650243,0.761285
end 
0.575073,0.886977
0.472352,0.870457
0.439962,0.797524
0.499648,0.776712
0.587436,0.741392
0.472781,0.610957
0.426125,0.435605
0.404631,0.330262
0.388472,0.231727
0.583378,0.606724
0.632861,0.457294
0.659706,0.340862
0.691869,0.208921
0.677433,0.637221
0.728789,0.661272
0.683307,0.782973
0.644043,0.847821
0.753332,0.696701
0.78028,0.736756
0.730227,0.813889
0.671966,0.873909
end 
0.521965,0.830204
0.424017,0.834431
0.383368,0.767801
0.430811,0.745679
0.504681,0.73242
0.414023,0.581352
0.36379,0.422537
0.332038,0.332978
0.31435,0.247927
0.518566,0.573917
0.566364,0.438337
0.591911,0.32922
0.619678,0.202856
0.60953,0.60667
0.662786,0.646933
0.615564,0.770779
0.5673,0.827796
0.684413,0.67221
0.722949,0.737542
0.681529,0.823149
0.619275,0.875789
end 
0.505515,0.797571
0.407825,0.808919
0.353841,0.739176
0.390628,0.707337
0.446058,0.690972
0.390798,0.56848
0.342962,0.417167
0.313709,0.325924
0.303049,0.23668
0.491294,0.558872
0.530412,0.434859
0.559299,0.33079
0.595816,0.20412
0.580887,0.590596
0.631316,0.635308
0.584117,0.759459
0.53865,0.811512
0.653995,0.653386
0.694359,0.71913
0.656616,0.802683
0.595879,0.850749
end 
0.494644,0.799537
0.399533,0.810968
0.345232,0.74216
0.381548,0.721755
0.444624,0.718071
0.38889,0.558416
0.357679,0.41652
0.342512,0.319194
0.348462,0.214809
0.492865,0.562173
0.53288,0.435748
0.561933,0.334708
0.598645,0.223092
0.582745,0.59744
0.623918,0.630059
0.562171,0.757963
0.509421,0.815283
0.653024,0.662721
0.687225,0.720267
0.640387,0.808752
0.576662,0.858849
end 
0.512255,0.80067
0.419036,0.807948
0.359919,0.745257
0.393975,0.724752
0.464937,0.722608
0.403523,0.5571
0.368133,0.409314
0.346902,0.306404
0.348998,0.201948
0.512242,0.556796
0.562888,0.427426
0.596968,0.320703
0.640862,0.207051
0.608178,0.589209
0.629138,0.625135
0.562401,0.752748
0.514582,0.814577
0.675583,0.654823
0.688132,0.722561
0.63278,0.816207
0.570225,0.871647
end 
0.494181,0.80694
0.400175,0.810562
0.350965,0.748367
0.386635,0.720714
0.458494,0.70924
0.390358,0.578421
0.360694,0.422944
0.337642,0.315482
0.337655,0.208957
0.497021,0.582379
0.545942,0.45797
0.578291,0.347704
0.622084,0.227045
0.592821,0.619516
0.617951,0.654006
0.551876,0.772317
0.506448,0.831999
0.661367,0.686524
0.67733,0.750007
0.623897,0.834588
0.563985,0.891746
end 
0.4946,0.809704
0.4098,0.81245
0.363104,0.740327
0.402377,0.703314
0.468948,0.666953
0.393676,0.564582
0.36577,0.413643
0.342656,0.304437
0.338567,0.199388
0.500658,0.571778
0.559985,0.450216
0.603176,0.349793
0.647564,0.239897
0.596377,0.612738
0.64578,0.645552
0.58189,0.770016
0.522172,0.833148
0.668964,0.682613
0.706243,0.740939
0.652723,0.831641
0.582707,0.887912
end 
0.439526,0.87835
0.359512,0.791809
0.359323,0.678165
0.432935,0.593059
0.505045,0.518772
0.344289,0.568447
0.33512,0.396844
0.327339,0.289164
0.337201,0.200929
0.458623,0.582484
0.500304,0.423837
0.524936,0.331159
0.549626,0.265597
0.554248,0.631867
0.620424,0.536724
0.57277,0.626329
0.527188,0.69355
0.645336,0.69761
0.675001,0.630841
0.644686,0.696379
0.608841,0.746562
end 
0.516178,0.848846
0.375413,0.768192
0.37609,0.667367
0.444832,0.585498
0.488598,0.515188
0.354075,0.493079
0.312354,0.315602
0.313418,0.198701
0.319371,0.118187
0.477636,0.472442
0.477859,0.298863
0.49161,0.26824
0.506707,0.304881
0.586662,0.498464
0.609619,0.348527
0.608372,0.385847
0.597607,0.458789
0.697301,0.560367
0.718538,0.455945
0.711727,0.502695
0.703389,0.559981
end 
0.54502,0.895136
0.617277,0.795687
0.631201,0.692578
0.616604,0.57799
0.582532,0.489664
0.607933,0.559842
0.610614,0.439098
0.584362,0.385963
0.558384,0.355587
0.545374,0.539819
0.521228,0.386569
0.503772,0.302456
0.488722,0.242964
0.485318,0.561465
0.437431,0.394967
0.400275,0.310383
0.375719,0.261336
0.430501,0.600345
0.381995,0.495757
0.346163,0.447878
0.31824,0.416011
end 
0.618301,0.869585
0.42692,0.849347
0.27849,0.731622
0.199279,0.59323
0.163047,0.456973
0.453191,0.636499
0.363889,0.497667
0.309714,0.468095
0.306237,0.464675
0.586039,0.5767
0.523517,0.365142
0.480175,0.251295
0.447126,0.170344
0.684012,0.545836
0.669404,0.332899
0.626035,0.21387
0.586086,0.131067
0.756023,0.543739
0.74774,0.361048
0.711558,0.259867
0.688878,0.184346
end 
0.506729,0.630289
0.429896,0.565187
0.378725,0.516495
0.362506,0.498649
0.350903,0.491635
0.476959,0.343458
0.463188,0.271206
0.445955,0.344169
0.465572,0.434524
0.538639,0.326511
0.552328,0.338586
0.54608,0.401196
0.562445,0.486297
0.585801,0.345258
0.608427,0.394639
0.59583,0.463073
0.60049,0.535921
0.624999,0.380231
0.652625,0.444984
0.643923,0.502266
0.635805,0.552868
end 
0.467005,0.841419
0.695294,0.683731
0.735984,0.502836
0.710546,0.374006
0.667881,0.24755
0.637986,0.542847
0.587661,0.398271
0.568994,0.263822
0.550994,0.113986
0.491546,0.591079
0.379899,0.424352
0.278348,0.294811
0.192047,0.180427
0.34898,0.635139
0.288394,0.498418
0.266787,0.409107
0.247554,0.312956
0.233843,0.674647
0.234054,0.623046
0.256859,0.637663
0.266531,0.647262
end 
0.413809,0.820328
0.65975,0.732692
0.69957,0.549303
0.664357,0.428318
0.608824,0.309006
0.609833,0.507811
0.590089,0.352317
0.596409,0.223511
0.59296,0.0880319
0.443047,0.548445
0.356621,0.368938
0.276062,0.228593
0.199838,0.11624
0.296641,0.58909
0.259959,0.491948
0.279721,0.456629
0.286448,0.416523
0.177095,0.624039
0.199544,0.602666
0.262252,0.628375
0.299636,0.649164
end 
0.382312,0.851146
0.463695,0.734317
0.45443,0.591141
0.454552,0.535945
0.469513,0.517738
0.440185,0.582709
0.329499,0.42543
0.30216,0.324087
0.284888,0.240909
0.396845,0.63856
0.247854,0.480825
0.1676,0.391369
0.0995091,0.345425
0.354545,0.699369
0.267276,0.584699
0.242934,0.521218
0.222618,0.461936
0.307744,0.766346
0.305638,0.707802
0.315193,0.707618
0.308892,0.699916
end 
0.531197,0.873216
0.403913,0.837417
0.327303,0.731133
0.242257,0.674618
0.24439,0.613648
0.455923,0.583733
0.394461,0.490591
0.342768,0.576017
0.334083,0.669157
0.559337,0.576619
0.566757,0.432419
0.574389,0.348119
0.585048,0.247891
0.652865,0.615683
0.688932,0.469802
0.711546,0.371094
0.725346,0.273765
0.730579,0.701971
0.788398,0.615942
0.837055,0.548637
0.880148,0.465893
end 
0.492549,0.831773
0.352453,0.783573
0.271916,0.684817
0.198337,0.621679
0.204833,0.584815
0.407701,0.506492
0.359339,0.397907
0.321125,0.478122
0.300436,0.567362
0.511492,0.492461
0.505909,0.350853
0.506089,0.252433
0.493766,0.152491
0.607852,0.526405
0.629625,0.382632
0.652994,0.274792
0.663702,0.173689
0.689756,0.600614
0.745295,0.50624
0.786765,0.435905
0.82037,0.357099
end 
0.4945,0.858013
0.357592,0.805409
0.277524,0.706901
0.218889,0.640566
0.222986,0.60185
0.400252,0.538358
0.358849,0.427327
0.332353,0.498652
0.322549,0.580366
0.502863,0.517903
0.496245,0.38149
0.489656,0.290012
0.481472,0.200868
0.596475,0.541382
0.607434,0.397871
0.618399,0.293169
0.617687,0.202328
0.680122,0.605985
0.72932,0.51234
0.766823,0.441453
0.795759,0.367253
end 
0.500686,0.835244
0.355581,0.787991
0.272567,0.679643
0.21945,0.609683
0.241472,0.580394
0.396554,0.524329
0.352655,0.415288
0.326574,0.477577
0.315974,0.554148
0.499471,0.501919
0.493346,0.364555
0.485906,0.275068
0.476308,0.190171
0.593506,0.522447
0.602538,0.383221
0.609153,0.281241
0.604569,0.191536
0.673937,0.584898
0.719105,0.491247
0.753798,0.422287
0.782338,0.347303
end 
0.501536,0.83906
0.361049,0.78865
0.274517,0.682598
0.224059,0.615694
0.248631,0.584556
0.398674,0.52071
0.359208,0.410883
0.338261,0.477283
0.33425,0.555156
0.504855,0.502147
0.502234,0.363994
0.494008,0.271219
0.480536,0.186873
0.601336,0.525802
0.615583,0.388553
0.623208,0.285555
0.61666,0.19503
0.684437,0.589191
0.731061,0.49505
0.761521,0.423938
0.785801,0.347678
end 
0.503973,0.840009
0.361666,0.788901
0.283029,0.682886
0.23419,0.614318
0.244974,0.58021
0.402584,0.526204
0.358373,0.417139
0.333343,0.48392
0.323601,0.561068
0.50401,0.504888
0.49559,0.369955
0.487202,0.278883
0.47463,0.193208
0.597574,0.526413
0.607205,0.386598
0.617334,0.284055
0.609436,0.194379
0.679323,0.590151
0.725974,0.493141
0.760605,0.422071
0.787673,0.346735
end 
0.505662,0.831419
0.369443,0.781246
0.283175,0.675827
0.232968,0.612966
0.247904,0.584432
0.410181,0.522012
0.366036,0.416411
0.346016,0.477765
0.34139,0.550267
0.513375,0.502819
0.501913,0.360314
0.49363,0.263434
0.478087,0.174278
0.609443,0.527078
0.624349,0.387269
0.637367,0.284623
0.630867,0.19246
0.694737,0.594486
0.741196,0.494985
0.772875,0.423551
0.794172,0.345257
end 
0.523432,0.8672
0.361263,0.799994
0.294521,0.686676
0.256137,0.601248
0.263749,0.550811
0.408662,0.536983
0.375596,0.410947
0.354723,0.461303
0.347164,0.525653
0.523168,0.519254
0.511355,0.364748
0.50119,0.273567
0.482945,0.18731
0.626131,0.541955
0.638101,0.392204
0.647411,0.287724
0.639279,0.195503
0.711496,0.602302
0.762445,0.490267
0.790733,0.418789
0.807445,0.344032
end 
0.449042,0.824552
0.494733,0.705418
0.507976,0.603753
0.488694,0.536604
0.467092,0.499843
0.524457,0.48072
0.526732,0.350841
0.503773,0.291499
0.486783,0.252933
0.456843,0.474277
0.44911,0.316166
0.425633,0.231854
0.415128,0.167659
0.386455,0.489096
0.36696,0.337776
0.356979,0.331961
0.353538,0.352663
0.323043,0.520946
0.319403,0.394673
0.335271,0.380241
0.350524,0.395588
end 
0.439347,0.777304
0.323864,0.671539
0.269728,0.563442
0.231521,0.478059
0.205279,0.425437
0.327622,0.451355
0.292692,0.318966
0.252576,0.319684
0.231589,0.337438
0.416313,0.436837
0.404437,0.277369
0.384664,0.187497
0.358664,0.102985
0.503955,0.446535
0.502198,0.269999
0.486487,0.177816
0.471021,0.100374
0.580396,0.480121
0.616674,0.342943
0.643431,0.270463
0.66475,0.201627
end 
0.478956,0.805164
0.347174,0.730007
0.27947,0.608133
0.230609,0.498707
0.231066,0.426473
0.373296,0.517943
0.331874,0.370436
0.29533,0.382364
0.267679,0.423489
0.472372,0.505048
0.450751,0.33058
0.440447,0.229321
0.425406,0.147367
0.561204,0.517437
0.554378,0.3624
0.546252,0.253141
0.528496,0.164304
0.63736,0.551547
0.661415,0.441225
0.682362,0.372197
0.694693,0.303268
end 
0.516528,0.850118
0.375249,0.782086
0.290721,0.654688
0.242309,0.539673
0.241928,0.449469
0.391973,0.550745
0.357565,0.408943
0.332063,0.419758
0.317172,0.453796
0.504901,0.53458
0.483324,0.360183
0.472134,0.25
0.458942,0.157066
0.603148,0.549331
0.595864,0.384863
0.590623,0.265652
0.575977,0.161427
0.686564,0.588929
0.72722,0.472214
0.759921,0.392629
0.784256,0.308318
end 
0.516264,0.848735
0.383347,0.775235
0.315712,0.659721
0.328184,0.579806
0.358956,0.547382
0.399405,0.55649
0.360124,0.392691
0.342344,0.297746
0.332254,0.217351
0.51662,0.548256
0.502763,0.378943
0.493807,0.253725
0.488942,0.153467
0.619915,0.572791
0.624148,0.414562
0.620497,0.28857
0.615721,0.185106
0.720627,0.630683
0.775366,0.521853
0.811321,0.446071
0.837953,0.369566
end 
0.624747,0.880891
0.504054,0.817452
0.437587,0.753821
0.449937,0.710864
0.49788,0.630664
0.48525,0.581324
0.434504,0.416628
0.398037,0.305546
0.379479,0.198099
0.606443,0.587233
0.633817,0.434744
0.656776,0.304989
0.678176,0.148363
0.70926,0.642653
0.788334,0.502055
0.81302,0.408888
0.817088,0.317593
0.795701,0.73037
0.80326,0.617115
0.767152,0.597371
0.729082,0.590294
end 
0.554916,0.86493
0.553302,0.673095
0.557251,0.563275
0.558804,0.464324
0.551575,0.393941
0.559785,0.502884
0.596679,0.430923
0.589459,0.35802
0.56423,0.282431
0.551218,0.519539
0.574898,0.43562
0.558444,0.342411
0.532376,0.267601
0.533637,0.564788
0.548696,0.527012
0.549133,0.465262
0.553501,0.403099
0.50821,0.620777
0.477549,0.596788
0.4785,0.531043
0.475251,0.469542
end 
0.481054,0.767428
0.356892,0.728
0.30025,0.641636
0.303454,0.593531
0.310836,0.554669
0.304387,0.580464
0.186319,0.426417
0.113169,0.303037
0.0730844,0.173431
0.452631,0.547243
0.428234,0.364264
0.416902,0.212687
0.426195,0.0973272
0.587028,0.55332
0.592476,0.362889
0.590844,0.221647
0.591872,0.122547
0.70734,0.590014
0.783846,0.439399
0.829172,0.358371
0.864671,0.299444
end 
0.532183,0.844038
0.425265,0.810273
0.389115,0.732697
0.407331,0.700308
0.442498,0.671428
0.387645,0.593982
0.317346,0.46007
0.277983,0.372961
0.260178,0.287459
0.496401,0.580406
0.494996,0.424533
0.487829,0.3055
0.500963,0.200405
0.59008,0.593833
0.59682,0.447837
0.598445,0.334009
0.601225,0.230251
0.680391,0.629481
0.73952,0.527991
0.775359,0.457093
0.803968,0.378592
end 
0.540679,0.849437
0.421951,0.826164
0.377814,0.740357
0.383871,0.696398
0.416612,0.664536
0.436059,0.574018
0.366299,0.437381
0.333074,0.343123
0.324505,0.256704
0.543715,0.572224
0.555777,0.426742
0.567088,0.302004
0.5991,0.203641
0.630262,0.602461
0.659627,0.470471
0.676043,0.352951
0.695624,0.258336
0.717704,0.662162
0.782581,0.587607
0.824355,0.524195
0.859161,0.455702
end 
0.543567,0.833746
0.422195,0.804754
0.379939,0.730198
0.376237,0.704038
0.39753,0.672006
0.430664,0.574825
0.363466,0.437986
0.331442,0.341253
0.321115,0.250823
0.539081,0.57026
0.549802,0.418028
0.559118,0.290208
0.587886,0.188099
0.628434,0.593786
0.646073,0.456796
0.665217,0.336547
0.686742,0.238698
0.713227,0.643553
0.771235,0.567714
0.814683,0.503511
0.849439,0.433403
end 
0.530004,0.857435
0.413848,0.828429
0.363515,0.751738
0.361508,0.720522
0.379517,0.698357
0.42186,0.566146
0.359851,0.435023
0.328165,0.341917
0.318639,0.251763
0.526223,0.563926
0.535927,0.415075
0.545211,0.294092
0.576385,0.19944
0.615873,0.594026
0.635671,0.461792
0.658258,0.3458
0.684046,0.250058
0.701187,0.652366
0.763443,0.579465
0.809575,0.512511
0.850981,0.44131
end 
0.53377,0.847408
0.423226,0.816932
0.380725,0.736105
0.375656,0.70119
0.387097,0.669565
0.433758,0.573629
0.375388,0.430687
0.346472,0.333159
0.336541,0.244042
0.535368,0.571588
0.547335,0.423153
0.558274,0.297712
0.58741,0.200631
0.620452,0.599452
0.642143,0.466595
0.660791,0.349168
0.680887,0.25632
0.703391,0.656577
0.764869,0.582282
0.806188,0.516939
0.841715,0.449509
end 
0.550891,0.850215
0.429982,0.82323
0.383089,0.73909
0.382988,0.706349
0.407939,0.6798
0.442896,0.572527
0.37886,0.434765
0.346149,0.338157
0.335477,0.247936
0.549944,0.565773
0.560785,0.418255
0.571244,0.296149
0.602974,0.203988
0.637001,0.592492
0.660402,0.461672
0.674136,0.347638
0.691006,0.259432
0.726436,0.651033
0.790078,0.58247
0.83016,0.519876
0.863874,0.451946
end 
0.541276,0.853815
0.42223,0.830348
0.364394,0.761617
0.344993,0.743602
0.345221,0.718473
0.430862,0.560832
0.369959,0.433086
0.336622,0.332059
0.323978,0.240872
0.540408,0.553072
0.54479,0.406563
0.553675,0.28276
0.581922,0.19142
0.634862,0.582496
0.655675,0.450931
0.673854,0.337272
0.69142,0.250521
0.725972,0.648473
0.788173,0.578314
0.827427,0.507645
0.86,0.433451
end 
0.530015,0.828802
0.415926,0.794195
0.376828,0.716075
0.379885,0.691317
0.392647,0.659653
0.43048,0.556315
0.36849,0.419538
0.335251,0.317684
0.319741,0.227399
0.531645,0.551771
0.539651,0.404872
0.551235,0.282666
0.578372,0.191104
0.618915,0.5809
0.641787,0.458394
0.662634,0.341327
0.680374,0.248181
0.70282,0.640701
0.765725,0.57515
0.807285,0.508188
0.837893,0.435797
end 
0.553013,0.856149
0.43677,0.829936
0.384108,0.75312
0.37698,0.720051
0.38419,0.696785
0.443886,0.56199
0.379898,0.425512
0.341909,0.326195
0.322684,0.23685
0.553205,0.555303
0.547024,0.408739
0.545455,0.287693
0.56584,0.200264
0.644927,0.587932
0.663162,0.458365
0.678867,0.343383
0.694633,0.256283
0.73444,0.660275
0.796354,0.581625
0.837685,0.514287
0.869026,0.444151
end 
0.554764,0.840087
0.440151,0.808353
0.393826,0.72943
0.388433,0.695086
0.393957,0.670346
0.445657,0.565041
0.389995,0.424361
0.353168,0.326417
0.338392,0.239798
0.553286,0.564164
0.548734,0.418303
0.545759,0.298527
0.566266,0.20745
0.647623,0.597726
0.678234,0.468402
0.709383,0.3598
0.741005,0.273208
0.734463,0.662135
0.798516,0.574696
0.847352,0.509299
0.885142,0.444553
end 
0.535412,0.848191
0.419865,0.826326
0.364944,0.755287
0.335097,0.730463
0.308133,0.717202
0.436669,0.569252
0.375699,0.434888
0.334759,0.33618
0.313043,0.24621
0.543131,0.570403
0.536579,0.42105
0.53659,0.298252
0.556659,0.204317
0.640468,0.608839
0.673004,0.479933
0.708605,0.368787
0.741963,0.280398
0.725648,0.678535
0.791193,0.590776
0.845123,0.521016
0.887749,0.44873
end 
0.550635,0.842183
0.434351,0.815702
0.377003,0.746249
0.354912,0.726584
0.340599,0.716614
0.438548,0.566166
0.37114,0.438154
0.327942,0.344904
0.30489,0.260348
0.544628,0.562756
0.540853,0.414924
0.542827,0.292521
0.56343,0.203994
0.639722,0.596901
0.667887,0.467006
0.702223,0.354048
0.734927,0.269347
0.727045,0.661417
0.787976,0.575527
0.83952,0.502242
0.878124,0.427805
end 
0.439114,0.842964
0.304886,0.749112
0.266606,0.631413
0.269794,0.557785
0.259116,0.527828
0.3552,0.520983
0.331901,0.393219
0.319911,0.319463
0.307419,0.257218
0.451449,0.514793
0.456954,0.374285
0.470345,0.280162
0.475088,0.197759
0.532608,0.533912
0.554153,0.408473
0.572562,0.311125
0.576234,0.230231
0.607149,0.584314
0.666058,0.505945
0.707708,0.447779
0.741592,0.384564
end 
0.590632,0.863623
0.45035,0.800089
0.361312,0.689629
0.298377,0.606553
0.233626,0.547532
0.525978,0.525972
0.498888,0.391396
0.503002,0.294106
0.509606,0.206215
0.627514,0.534182
0.633916,0.403622
0.654205,0.313642
0.672342,0.24506
0.717121,0.577273
0.753998,0.469832
0.797475,0.381319
0.81966,0.313567
0.790876,0.654779
0.843205,0.600463
0.88305,0.539795
0.906982,0.47284
end 
0.600449,0.888602
0.432191,0.853565
0.331197,0.767904
0.241772,0.69796
0.152666,0.633819
0.503989,0.531614
0.457183,0.380237
0.433029,0.276139
0.432461,0.181982
0.628911,0.538231
0.653071,0.366959
0.674908,0.253191
0.697157,0.14425
0.732785,0.59367
0.812396,0.462484
0.857967,0.361277
0.890328,0.26713
0.813249,0.678413
0.881979,0.584793
0.909122,0.523986
0.92765,0.45079
end 
0.506755,0.845201
0.377078,0.826304
0.286418,0.744163
0.218195,0.666882
0.150118,0.619601
0.414523,0.542086
0.364271,0.430818
0.333799,0.34184
0.31968,0.254956
0.518515,0.528779
0.518711,0.389326
0.515197,0.281132
0.529057,0.200149
0.611894,0.555745
0.657217,0.4479
0.688115,0.354304
0.722848,0.279303
0.688495,0.620693
0.766945,0.556961
0.820717,0.508042
0.878136,0.455253
end 
0.490265,0.817255
0.371113,0.782743
0.284025,0.699525
0.218777,0.622173
0.144799,0.588832
0.398146,0.511245
0.345121,0.40072
0.316484,0.317524
0.295616,0.233656
0.49675,0.493231
0.493375,0.362404
0.496218,0.258527
0.507652,0.174708
0.586845,0.516029
0.620681,0.406889
0.650148,0.311165
0.674721,0.229956
0.6653,0.57628
0.734995,0.507973
0.789401,0.458711
0.841247,0.401284
end 
0.619461,0.856185
0.652014,0.69668
0.667503,0.55946
0.679192,0.442902
0.682319,0.360063
0.69892,0.530349
0.608306,0.380454
0.52862,0.300675
0.465215,0.226241
0.632046,0.567528
0.491582,0.438643
0.464725,0.500641
0.49278,0.546194
0.562411,0.620896
0.430521,0.509433
0.41976,0.5641
0.465365,0.606707
0.487294,0.675411
0.383917,0.574463
0.379465,0.621947
0.41514,0.662863
end 
0.550483,0.836017
0.588189,0.705106
0.622596,0.526825
0.661158,0.381187
0.70313,0.277469
0.606876,0.540986
0.482994,0.383835
0.390105,0.271428
0.302172,0.174318
0.530138,0.604324
0.341027,0.434291
0.364597,0.475979
0.399673,0.52304
0.450462,0.676315
0.27337,0.516055
0.316619,0.565079
0.368909,0.615889
0.364343,0.750624
0.233237,0.605018
0.267774,0.641529
0.318186,0.686924
end 
0.577984,0.809913
0.646628,0.723589
0.700864,0.54008
0.749222,0.39584
0.816049,0.318408
0.648487,0.554406
0.526049,0.360018
0.444853,0.242736
0.372637,0.150237
0.554713,0.615473
0.384067,0.428525
0.414231,0.47504
0.451365,0.525587
0.466456,0.690886
0.313815,0.52939
0.35811,0.584535
0.407128,0.630152
0.390425,0.763255
0.277767,0.639595
0.307495,0.688113
0.341061,0.730905
end 
0.518263,0.809238
0.626497,0.730182
0.693277,0.556908
0.736601,0.423869
0.810474,0.354614
0.601787,0.568678
0.496201,0.355276
0.428849,0.217768
0.369918,0.112822
0.493669,0.621465
0.358144,0.420089
0.405749,0.468667
0.450397,0.531106
0.395811,0.690012
0.278212,0.509748
0.32959,0.555494
0.37329,0.610234
0.313371,0.751626
0.230113,0.615441
0.259972,0.662767
0.292629,0.718941
end 
0.621281,0.836833
0.465196,0.719327
0.397017,0.582511
0.308669,0.510284
0.231109,0.466316
0.608567,0.425721
0.57464,0.25917
0.520448,0.169813
0.462282,0.114542
0.656562,0.481754
0.417024,0.413959
0.313998,0.505278
0.285472,0.568457
0.660568,0.574294
0.406504,0.521524
0.329275,0.616117
0.325549,0.666436
0.64238,0.676016
0.43796,0.627046
0.37497,0.68938
0.378236,0.720908
end 
0.611649,0.874923
0.452231,0.767231
0.370954,0.631397
0.268645,0.569049
0.169324,0.544839
0.558258,0.426052
0.478522,0.269252
0.399579,0.190085
0.332841,0.142
0.617285,0.474142
0.334415,0.463351
0.234919,0.582007
0.219076,0.642246
0.629832,0.563428
0.341043,0.562647
0.260597,0.666177
0.262147,0.713187
0.630192,0.663344
0.408252,0.659068
0.347856,0.729112
0.363091,0.758146
end 
0.638422,0.847625
0.462857,0.761733
0.363504,0.62606
0.258618,0.563111
0.173505,0.529619
0.589454,0.422525
0.500219,0.284523
0.41931,0.200645
0.358373,0.161606
0.652671,0.474024
0.341805,0.457366
0.244706,0.56775
0.241342,0.627267
0.664182,0.55612
0.350646,0.563345
0.284095,0.669651
0.298078,0.713064
0.657888,0.646254
0.42654,0.644383
0.361718,0.720959
0.372766,0.748618
end 
0.656839,0.819622
0.468122,0.721234
0.357795,0.595241
0.236737,0.527912
0.149451,0.493491
0.575617,0.441436
0.457886,0.347059
0.373014,0.343283
0.323752,0.371113
0.656674,0.485834
0.334158,0.47707
0.240572,0.595435
0.241534,0.680908
0.696801,0.557518
0.373974,0.555078
0.300884,0.658825
0.313272,0.720624
0.711683,0.636535
0.500916,0.604374
0.427654,0.652018
0.428424,0.666164
end 
0.758777,0.87673
0.497896,0.676157
0.387237,0.511787
0.266289,0.426564
0.165751,0.389405
0.677647,0.308475
0.441596,0.303251
0.337646,0.422805
0.30985,0.496467
0.745454,0.394864
0.42464,0.398589
0.317554,0.539816
0.293441,0.632464
0.759114,0.522676
0.450516,0.513602
0.375414,0.622319
0.360077,0.688365
0.749682,0.662512
0.512022,0.643879
0.43326,0.700697
0.414043,0.725066
end 
0.68439,0.873235
0.454081,0.743523
0.36032,0.586844
0.266307,0.503916
0.178281,0.458666
0.622336,0.346347
0.528281,0.191268
0.435224,0.169922
0.364843,0.192078
0.700313,0.400751
0.435879,0.35506
0.311627,0.485894
0.260559,0.56826
0.723283,0.49305
0.434746,0.482637
0.342658,0.603499
0.316939,0.672224
0.716198,0.607744
0.481411,0.599755
0.405145,0.670021
0.400743,0.701949
end 
0.499636,0.841357
0.339082,0.769683
0.24812,0.625543
0.258068,0.514154
0.323251,0.448152
0.414089,0.398361
0.372554,0.285579
0.326059,0.214912
0.275019,0.148823
0.544441,0.391945
0.38222,0.399019
0.329457,0.564694
0.329115,0.660338
0.656133,0.437071
0.475664,0.485505
0.411793,0.637326
0.419482,0.714307
0.739453,0.513359
0.576863,0.565921
0.49666,0.684876
0.49927,0.751955
end 
0.524476,0.767966
0.418783,0.748003
0.319758,0.594775
0.291251,0.455308
0.226235,0.312948
0.31257,0.447739
0.332332,0.38008
0.314581,0.366211
0.280768,0.350135
0.466715,0.388397
0.489174,0.367238
0.468637,0.593162
0.452756,0.740679
0.601077,0.38199
0.636047,0.393517
0.608699,0.615254
0.58951,0.738803
0.727657,0.401081
0.761204,0.425775
0.719902,0.58527
0.695691,0.67686
end 
0.482799,0.720198
0.349311,0.712813
0.289638,0.668713
0.322986,0.616266
0.357754,0.575529
0.255358,0.485264
0.197822,0.396517
0.16589,0.388647
0.138116,0.377044
0.41348,0.404997
0.432428,0.2998
0.415192,0.374367
0.385829,0.445089
0.54977,0.404044
0.632408,0.394453
0.653526,0.547073
0.636983,0.621447
0.676818,0.420039
0.763342,0.411445
0.786055,0.520262
0.784798,0.582827
end 
0.42637,0.821953
0.282562,0.722806
0.25495,0.614698
0.337578,0.527971
0.407277,0.480525
0.228935,0.450638
0.25865,0.324861
0.273819,0.325248
0.279965,0.324461
0.377703,0.402609
0.436189,0.310617
0.407804,0.493394
0.356793,0.605259
0.513748,0.402748
0.592827,0.33264
0.566757,0.519694
0.521372,0.624499
0.660498,0.417731
0.721501,0.358351
0.690157,0.479788
0.650402,0.55768
end 
0.507228,0.883304
0.279767,0.743371
0.189858,0.559098
0.213718,0.363271
0.272598,0.216055
0.332856,0.38319
0.343881,0.304391
0.331887,0.480322
0.32632,0.552787
0.475275,0.394429
0.462842,0.33068
0.433003,0.540053
0.434893,0.612042
0.616556,0.429078
0.599152,0.366319
0.554751,0.565126
0.552491,0.628985
0.75438,0.470448
0.746567,0.401089
0.688804,0.527917
0.668543,0.593355
end 
0.777891,0.84838
0.596271,0.682776
0.496158,0.542305
0.419121,0.441377
0.398357,0.362967
0.677307,0.273902
0.548176,0.235151
0.432969,0.377696
0.383115,0.500092
0.768856,0.32215
0.537485,0.360368
0.451324,0.535566
0.451992,0.615395
0.821083,0.419842
0.583132,0.502066
0.525205,0.631157
0.531267,0.662799
0.852643,0.530643
0.653389,0.640883
0.617115,0.713288
0.632535,0.718576
end 
0.787251,0.851808
0.575868,0.714929
0.507004,0.569393
0.4328,0.436394
0.39713,0.322552
0.692072,0.284547
0.496933,0.341463
0.429491,0.460514
0.408428,0.524634
0.787397,0.282651
0.571239,0.377934
0.503208,0.531293
0.485967,0.603052
0.864534,0.324515
0.657208,0.411245
0.565551,0.549901
0.537612,0.625433
0.909993,0.38563
0.763288,0.448472
0.687931,0.540278
0.64584,0.587937
end 
0.765805,0.752662
0.589085,0.655289
0.436813,0.558937
0.315708,0.454008
0.290001,0.377654
0.700966,0.261053
0.444326,0.217309
0.341837,0.288597
0.307755,0.324925
0.766987,0.209744
0.405698,0.189933
0.34051,0.325184
0.38336,0.371617
0.766266,0.184659
0.411541,0.18377
0.338798,0.305133
0.375832,0.350706
0.737375,0.184358
0.472878,0.179389
0.401841,0.256691
0.416906,0.29444
end 
0.62942,0.773707
0.490826,0.772326
0.369546,0.762811
0.262421,0.742657
0.200553,0.713302
0.56334,0.488855
0.359243,0.432209
0.261345,0.54239
0.24137,0.657375
0.633846,0.43929
0.332583,0.387869
0.254168,0.50334
0.285691,0.595239
0.648825,0.434062
0.356818,0.397991
0.292902,0.519013
0.318964,0.600378
0.634644,0.464263
0.423854,0.40626
0.353024,0.478844
0.359667,0.518818
end 
0.601327,0.876908
0.463366,0.811851
0.370634,0.732329
0.33097,0.648448
0.329314,0.567109
0.542791,0.549819
0.533593,0.405279
0.495538,0.318916
0.465049,0.268609
0.596001,0.531876
0.478473,0.427918
0.370676,0.496379
0.332138,0.575014
0.628119,0.539729
0.504899,0.440258
0.412703,0.503777
0.389729,0.580994
0.639018,0.563101
0.538139,0.464995
0.441595,0.490488
0.406792,0.542889
end 
0.577224,0.882931
0.44603,0.83917
0.360002,0.742872
0.323481,0.652591
0.333752,0.563046
0.542494,0.534635
0.535725,0.394235
0.501978,0.312045
0.472123,0.260965
0.580407,0.521222
0.455947,0.410588
0.358231,0.477963
0.316247,0.558132
0.599839,0.538092
0.456192,0.450769
0.357771,0.522561
0.317891,0.603527
0.598462,0.573735
0.470163,0.496733
0.36538,0.544277
0.320384,0.609768
end 
0.506736,0.895636
0.345354,0.819755
0.263271,0.714253
0.202479,0.63223
0.141176,0.542057
0.449112,0.506481
0.458868,0.376017
0.445947,0.27871
0.429005,0.198951
0.540891,0.513047
0.537358,0.394782
0.516164,0.298751
0.489604,0.229924
0.617429,0.557146
0.642249,0.477201
0.628973,0.376326
0.609918,0.290399
0.682943,0.634776
0.699785,0.57536
0.704177,0.526569
0.702412,0.474668
end 
0.497683,0.888901
0.520281,0.669563
0.542983,0.51559
0.570364,0.405859
0.5783,0.36605
0.533349,0.560134
0.442911,0.428719
0.350778,0.365552
0.295464,0.32841
0.494233,0.644161
0.243657,0.529694
0.164564,0.56754
0.172092,0.618445
0.435608,0.75634
0.194985,0.650513
0.14112,0.673985
0.164451,0.701178
0.368608,0.8578
0.176256,0.798302
0.144075,0.797249
0.183126,0.80249
end 
0.561953,0.881552
0.500466,0.787033
0.436096,0.622428
0.433374,0.463265
0.454873,0.354713
0.500714,0.650626
0.50064,0.408502
0.482256,0.34314
0.478534,0.338587
0.537562,0.653524
0.512999,0.34989
0.490192,0.28833
0.485999,0.297974
0.567554,0.64529
0.559445,0.380272
0.550303,0.311317
0.550995,0.311082
0.595188,0.630908
0.623253,0.409536
0.612827,0.308416
0.598309,0.273507
end 
0.689523,0.805378
0.630463,0.728211
0.568256,0.632666
0.51839,0.52353
0.486309,0.441965
0.650165,0.454313
0.544924,0.353327
0.491531,0.331309
0.454047,0.314973
0.655959,0.452971
0.539195,0.312725
0.478258,0.289644
0.42014,0.270447
0.643817,0.463354
0.530786,0.331753
0.470453,0.282154
0.415711,0.244077
0.613922,0.481795
0.525004,0.389431
0.508182,0.350277
0.485556,0.318991
end 
0.540245,0.675809
0.444754,0.591469
0.438641,0.537834
0.421968,0.500777
0.390799,0.484065
0.587822,0.360504
0.50298,0.264312
0.453122,0.332301
0.469068,0.43393
0.586599,0.311339
0.507788,0.263948
0.469056,0.354899
0.479471,0.463985
0.564546,0.299442
0.492104,0.2791
0.469543,0.382815
0.488338,0.478836
0.537756,0.308131
0.480902,0.304627
0.469305,0.392907
0.479597,0.477586
end 
0.557787,0.706155
0.465121,0.61586
0.469186,0.549943
0.455977,0.487321
0.418769,0.445161
0.626645,0.364164
0.511525,0.267183
0.442211,0.3298
0.45359,0.423331
0.61611,0.310464
0.485583,0.269141
0.433688,0.360909
0.453018,0.465245
0.583729,0.294244
0.453455,0.285259
0.423052,0.389362
0.453724,0.482337
0.547203,0.303028
0.449865,0.295666
0.429774,0.383162
0.445178,0.464081
end 
0.597063,0.473616
0.69784,0.544657
0.793321,0.623152
0.774964,0.67254
0.724576,0.686885
0.751657,0.46522
0.592922,0.59516
0.478552,0.621089
0.387429,0.598751
0.596565,0.390754
0.404313,0.575798
0.31397,0.722739
0.249306,0.777818
0.465327,0.367514
0.297889,0.546919
0.289799,0.698241
0.298249,0.768594
0.360613,0.364538
0.239251,0.440664
0.241857,0.524178
0.252909,0.575532
end 
0.595788,0.713097
0.496189,0.638788
0.501637,0.58207
0.488266,0.502053
0.451246,0.45065
0.645002,0.391557
0.49286,0.326469
0.429571,0.39697
0.457344,0.478995
0.636142,0.338912
0.484098,0.314922
0.431812,0.391581
0.452398,0.473708
0.599178,0.316872
0.450305,0.332732
0.416418,0.423954
0.445093,0.489763
0.557361,0.319383
0.449243,0.336934
0.426583,0.422147
0.440776,0.490681
end 
0.505161,0.645062
0.400895,0.556489
0.377446,0.495157
0.360135,0.460093
0.339503,0.455564
0.507915,0.342379
0.490592,0.272515
0.473126,0.359939
0.498208,0.472512
0.540761,0.307786
0.532031,0.292992
0.51422,0.392287
0.521114,0.491623
0.552581,0.305892
0.554932,0.313557
0.538872,0.421477
0.547399,0.517119
0.555543,0.323524
0.558918,0.340075
0.553391,0.405957
0.559178,0.478803
end 
0.559606,0.875142
0.62755,0.763062
0.669907,0.632984
0.661071,0.49304
0.616448,0.381329
0.665218,0.571164
0.628708,0.384189
0.588936,0.29049
0.546284,0.227314
0.573138,0.585963
0.501881,0.390121
0.464669,0.315098
0.443459,0.285818
0.487698,0.60759
0.435514,0.44513
0.422767,0.374696
0.411384,0.355566
0.431876,0.625813
0.402187,0.497215
0.410632,0.450794
0.410365,0.43021
end 
0.573525,0.693081
0.509674,0.652132
0.523363,0.604743
0.521927,0.537506
0.505327,0.497556
0.643637,0.394572
0.518024,0.316588
0.459699,0.365926
0.481592,0.442825
0.617821,0.337836
0.490145,0.307289
0.434839,0.383098
0.445455,0.4721
0.567164,0.312642
0.432489,0.319218
0.402065,0.414437
0.425442,0.495028
0.51232,0.313644
0.410336,0.315104
0.388009,0.40266
0.396313,0.485107
end 
0.567051,0.635514
0.425965,0.555109
0.385375,0.498669
0.35212,0.464202
0.321574,0.450402
0.568456,0.343966
0.473516,0.287865
0.415732,0.378306
0.42638,0.491288
0.614205,0.312292
0.52261,0.297344
0.473434,0.395179
0.481502,0.49231
0.632418,0.304231
0.557214,0.322016
0.513187,0.427769
0.518798,0.50663
0.633489,0.316141
0.584522,0.339259
0.55722,0.419448
0.551575,0.492647
end 
0.651639,0.752022
0.566164,0.645607
0.501302,0.569023
0.41704,0.501526
0.355224,0.491045
0.603074,0.423218
0.537126,0.266744
0.456498,0.264468
0.423389,0.295566
0.615907,0.456877
0.506933,0.3218
0.407066,0.376996
0.386019,0.456987
0.60021,0.540651
0.452882,0.537991
0.374358,0.609115
0.363617,0.65043
0.568717,0.65228
0.443976,0.71817
0.377441,0.76793
0.369788,0.776974
end 
0.537481,0.698096
0.449109,0.586423
0.420668,0.518916
0.396623,0.480328
0.356816,0.46962
0.550698,0.336965
0.493829,0.275582
0.445191,0.361747
0.449866,0.46472
0.588471,0.318576
0.545962,0.293867
0.506983,0.369759
0.507154,0.463258
0.609006,0.33138
0.569933,0.315395
0.530902,0.394289
0.533549,0.478948
0.614833,0.365021
0.595802,0.364987
0.576723,0.416625
0.571097,0.476116
end 
0.553414,0.645005
0.442889,0.543595
0.394754,0.501957
0.350905,0.4884
0.298689,0.471532
0.53999,0.33924
0.518708,0.283285
0.479319,0.390987
0.480043,0.508052
0.58996,0.325038
0.570766,0.335015
0.545186,0.418428
0.552466,0.511167
0.616087,0.344498
0.600254,0.365146
0.576655,0.438095
0.585105,0.514446
0.625306,0.385687
0.620599,0.417499
0.602675,0.478049
0.600067,0.542925
end 
0.497704,0.883918
0.630715,0.760621
0.664542,0.63458
0.644776,0.523699
0.603591,0.45618
0.669704,0.618815
0.664812,0.4232
0.608493,0.316362
0.559233,0.262386
0.549148,0.644884
0.515094,0.435198
0.457063,0.327732
0.422697,0.27892
0.438439,0.680935
0.401585,0.506809
0.366489,0.386414
0.345754,0.32045
0.338198,0.719115
0.291839,0.587381
0.283879,0.499127
0.292703,0.441073
end 
0.516087,0.8835
0.566549,0.796403
0.631922,0.632478
0.659561,0.484526
0.677636,0.399335
0.646399,0.648242
0.563049,0.435658
0.491538,0.295717
0.43942,0.184594
0.551937,0.719683
0.426308,0.472835
0.32856,0.309558
0.260348,0.20583
0.446713,0.785559
0.315534,0.567363
0.224856,0.403172
0.172341,0.304962
0.341689,0.841623
0.231295,0.650867
0.174591,0.522763
0.143095,0.426318
end 
0.594515,0.863136
0.596832,0.715815
0.601357,0.506917
0.633867,0.332755
0.645294,0.208362
0.66504,0.57857
0.533685,0.387286
0.405981,0.281923
0.305149,0.209508
0.604067,0.677501
0.387955,0.460929
0.298913,0.351373
0.255831,0.287232
0.515167,0.784778
0.275486,0.583623
0.19943,0.471517
0.172682,0.431212
0.397682,0.881522
0.18251,0.715392
0.123282,0.617662
0.105334,0.568598
end 
0.654406,0.801462
0.517143,0.681119
0.428902,0.574051
0.391091,0.477167
0.355768,0.433853
0.64225,0.350654
0.578562,0.220338
0.463179,0.230072
0.388864,0.277824
0.676117,0.347026
0.538374,0.261628
0.440991,0.309908
0.395239,0.375578
0.671763,0.354903
0.523744,0.286321
0.44102,0.353105
0.407427,0.429252
0.655843,0.373819
0.540428,0.330437
0.477102,0.381716
0.452731,0.448039
end 
0.456367,0.840397
0.589105,0.762249
0.652146,0.629321
0.679655,0.491663
0.697489,0.397673
0.555331,0.477583
0.471169,0.290941
0.400351,0.201943
0.340476,0.129489
0.452136,0.491786
0.351358,0.314141
0.2633,0.215621
0.191322,0.140282
0.350511,0.543683
0.251732,0.381327
0.187297,0.323657
0.150714,0.286851
0.258056,0.613149
0.192736,0.505064
0.175567,0.47884
0.1666,0.455126
end 
0.519958,0.793576
0.670411,0.662589
0.72958,0.530396
0.751291,0.460051
0.746107,0.446398
0.614005,0.449245
0.605179,0.35243
0.603538,0.341246
0.600914,0.345026
0.495081,0.425723
0.476314,0.332057
0.508736,0.326948
0.527786,0.314938
0.391202,0.427498
0.356837,0.321128
0.379273,0.336475
0.402612,0.347256
0.310811,0.454255
0.233888,0.348034
0.226258,0.320229
0.237513,0.290632
end 
0.585675,0.700749
0.476591,0.509889
0.415208,0.469919
0.344554,0.465524
0.326456,0.459154
0.480176,0.383008
0.43171,0.278074
0.368373,0.267677
0.317537,0.27394
0.538195,0.459006
0.415189,0.436335
0.35974,0.491631
0.332139,0.517467
0.585043,0.583494
0.450401,0.625986
0.384549,0.685954
0.337945,0.725052
0.620002,0.715702
0.532234,0.774646
0.471694,0.809252
0.42929,0.823387
end 
0.676597,0.776774
0.514004,0.4828
0.437416,0.357298
0.378316,0.289257
0.316287,0.25948
0.625576,0.253572
0.386763,0.188111
0.305293,0.238986
0.297402,0.296833
0.677314,0.353329
0.344034,0.381446
0.289424,0.460046
0.332862,0.496993
0.679538,0.487124
0.349053,0.533916
0.312034,0.606374
0.350785,0.625181
0.665986,0.622718
0.376063,0.709259
0.336451,0.770953
0.37621,0.765482
end 
0.570062,0.704743
0.467016,0.642007
0.452172,0.594207
0.440454,0.536029
0.396815,0.507336
0.600886,0.400698
0.503757,0.319396
0.460666,0.37864
0.488106,0.447358
0.605454,0.355019
0.499327,0.30461
0.445352,0.38187
0.455634,0.471042
0.584669,0.338241
0.472812,0.319105
0.434412,0.41523
0.453259,0.494954
0.554162,0.34588
0.478957,0.337589
0.453603,0.408326
0.458557,0.473928
end 
0.681643,0.730171
0.489919,0.490928
0.426919,0.365159
0.377387,0.274395
0.324418,0.236693
0.610154,0.238132
0.389149,0.178593
0.307946,0.231604
0.300001,0.2978
0.661343,0.320476
0.330831,0.367077
0.275262,0.475389
0.299704,0.555549
0.671724,0.444434
0.349798,0.521107
0.296241,0.623622
0.30586,0.671589
0.665554,0.580669
0.409072,0.668137
0.354204,0.742796
0.363235,0.767569
end 
0.56227,0.73195
0.457432,0.635035
0.446462,0.578542
0.43249,0.519647
0.390316,0.490549
0.61325,0.393115
0.520125,0.280839
0.458136,0.337709
0.463761,0.416572
0.614496,0.337176
0.504136,0.254054
0.434041,0.339845
0.425268,0.45157
0.588162,0.316756
0.472269,0.254969
0.419426,0.360102
0.421422,0.467083
0.550786,0.320797
0.465701,0.273139
0.426339,0.344286
0.424972,0.429767
end 
0.56074,0.739089
0.47524,0.629209
0.475651,0.563875
0.465437,0.505428
0.434511,0.477975
0.619434,0.383383
0.516785,0.279075
0.462388,0.33106
0.476842,0.400285
0.614987,0.330563
0.493684,0.253011
0.432368,0.340303
0.433867,0.441457
0.588536,0.310265
0.45887,0.254942
0.414157,0.357617
0.430719,0.453175
0.552251,0.314632
0.45259,0.273833
0.422592,0.348107
0.432801,0.426059
end 
0.539418,0.736055
0.427393,0.651703
0.421343,0.619446
0.422014,0.572264
0.406794,0.533996
0.567701,0.410535
0.455676,0.298844
0.410345,0.361178
0.441453,0.462858
0.584616,0.341843
0.445897,0.268176
0.407638,0.361861
0.4319,0.473108
0.584485,0.302323
0.450455,0.239671
0.425437,0.347485
0.457413,0.453274
0.576365,0.296292
0.473922,0.252396
0.457295,0.330339
0.482123,0.414974
end 
0.618524,0.666749
0.471618,0.623378
0.429215,0.611359
0.391125,0.570628
0.356623,0.517122
0.633528,0.388095
0.458052,0.328822
0.394657,0.426268
0.420574,0.547444
0.65035,0.318409
0.455421,0.318079
0.417093,0.436524
0.445168,0.539942
0.635229,0.281236
0.441308,0.320457
0.432035,0.450203
0.478114,0.527137
0.60722,0.274009
0.458762,0.294983
0.444911,0.403528
0.477094,0.480534
end 
0.607918,0.637545
0.478697,0.58527
0.456689,0.571182
0.411351,0.543958
0.371975,0.514857
0.654819,0.348761
0.505938,0.314484
0.440032,0.418162
0.453939,0.535177
0.645688,0.285002
0.485565,0.322795
0.437894,0.432431
0.455304,0.533981
0.612975,0.260304
0.450074,0.333217
0.426703,0.455355
0.453314,0.538482
0.573356,0.263776
0.447914,0.31535
0.424202,0.418026
0.438643,0.494089
end 
0.60423,0.654314
0.435526,0.583761
0.39812,0.551133
0.360883,0.513212
0.327351,0.476741
0.627236,0.353104
0.495439,0.306616
0.437394,0.410954
0.451567,0.53044
0.645677,0.294062
0.499183,0.309395
0.455797,0.421366
0.468798,0.532052
0.635807,0.266889
0.492682,0.313404
0.464043,0.43935
0.479361,0.530231
0.612047,0.265093
0.505357,0.28942
0.483874,0.394186
0.49307,0.481554
end 
0.612542,0.632046
0.453047,0.580898
0.409238,0.563727
0.369886,0.53468
0.332297,0.507934
0.626699,0.346616
0.489629,0.31931
0.438165,0.430426
0.4611,0.550865
0.645577,0.284775
0.497401,0.308675
0.459502,0.435118
0.475928,0.546909
0.637007,0.254888
0.492376,0.312338
0.468361,0.449082
0.489028,0.536397
0.616156,0.257132
0.509354,0.290797
0.492922,0.403987
0.5072,0.489815
end 
0.619273,0.672845
0.462415,0.591897
0.425778,0.55961
0.390931,0.512223
0.350756,0.475941
0.634556,0.362453
0.474723,0.306701
0.412203,0.410428
0.434021,0.53108
0.653549,0.295116
0.474893,0.298539
0.432543,0.413158
0.453572,0.520368
0.642286,0.262126
0.467156,0.299244
0.443201,0.425399
0.471951,0.508913
0.620119,0.258849
0.484697,0.282664
0.469875,0.391822
0.497296,0.468901
end 
0.610649,0.703109
0.454875,0.607434
0.425359,0.560733
0.393901,0.505204
0.354218,0.458449
0.632963,0.368605
0.474647,0.292101
0.403007,0.384496
0.417198,0.495935
0.648721,0.308444
0.467198,0.292107
0.415619,0.401234
0.432487,0.500701
0.634452,0.280808
0.459827,0.296372
0.430687,0.42022
0.458232,0.502446
0.610078,0.278291
0.477237,0.287529
0.460136,0.390205
0.484145,0.465838
end 
0.611234,0.686558
0.44287,0.596802
0.413279,0.555775
0.383572,0.500908
0.348639,0.457885
0.63906,0.369769
0.484503,0.296864
0.421679,0.396147
0.441731,0.508714
0.653457,0.302929
0.482979,0.283949
0.434555,0.400508
0.450617,0.50805
0.635887,0.272597
0.463104,0.287341
0.438304,0.417233
0.469384,0.506864
0.603315,0.271064
0.46476,0.278177
0.447316,0.387538
0.473328,0.471501
end 
0.598803,0.715504
0.465158,0.61616
0.449224,0.562725
0.420728,0.497343
0.384678,0.446097
0.647848,0.374481
0.496047,0.289034
0.417495,0.3718
0.425735,0.479773
0.648023,0.306914
0.473581,0.277113
0.414216,0.381321
0.427458,0.487451
0.620616,0.275425
0.443971,0.280005
0.411205,0.399688
0.442082,0.489546
0.585364,0.27155
0.446721,0.281992
0.425053,0.382313
0.450049,0.456086
end 
0.611091,0.649335
0.455445,0.572523
0.413895,0.550977
0.380075,0.520945
0.33673,0.501774
0.62316,0.35875
0.483532,0.317048
0.423821,0.418367
0.442383,0.53137
0.649423,0.298286
0.490225,0.30374
0.444727,0.41796
0.460169,0.518752
0.645306,0.2699
0.492755,0.307806
0.462418,0.430475
0.482217,0.510739
0.62791,0.270808
0.517316,0.294611
0.497378,0.393447
0.510075,0.468346
end 
0.618095,0.665964
0.455177,0.587031
0.412533,0.555673
0.38034,0.516249
0.343764,0.488431
0.629719,0.362531
0.477123,0.299801
0.415765,0.405201
0.433498,0.526926
0.655828,0.298181
0.477498,0.291089
0.432371,0.416061
0.449124,0.521763
0.650198,0.268896
0.475456,0.296237
0.450352,0.429769
0.476268,0.513505
0.630449,0.269783
0.502248,0.28574
0.48959,0.395369
0.51211,0.473959
end 
0.624854,0.621282
0.46703,0.584887
0.425697,0.572994
0.378169,0.544871
0.340099,0.514626
0.637701,0.34774
0.480488,0.322819
0.417953,0.438144
0.436116,0.564743
0.656302,0.283119
0.479739,0.321523
0.436311,0.452515
0.455552,0.556387
0.644336,0.252157
0.470961,0.333112
0.449592,0.470776
0.476021,0.54618
0.61755,0.248452
0.488268,0.30662
0.473151,0.425467
0.493155,0.503223
end 
0.621004,0.631728
0.472507,0.568387
0.442792,0.546481
0.396239,0.514189
0.349652,0.484657
0.646119,0.337174
0.491084,0.30582
0.433887,0.40706
0.45479,0.522537
0.653987,0.274261
0.484769,0.311781
0.441279,0.430279
0.4602,0.537948
0.633781,0.245423
0.468275,0.31611
0.442351,0.445097
0.464079,0.531174
0.601351,0.242482
0.473166,0.287661
0.451383,0.400117
0.467369,0.48623
end 
0.627726,0.664115
0.480238,0.592676
0.458631,0.560944
0.420727,0.513016
0.377877,0.464366
0.670849,0.351893
0.501178,0.301836
0.429821,0.398854
0.445687,0.510662
0.667903,0.283969
0.485225,0.302021
0.427464,0.413565
0.440707,0.515432
0.635404,0.251744
0.448929,0.30803
0.416802,0.436151
0.441869,0.520669
0.593773,0.244722
0.449037,0.28295
0.421866,0.394036
0.440026,0.474464
end 
0.629076,0.665791
0.45873,0.593011
0.424059,0.558913
0.38116,0.516294
0.340103,0.477783
0.646023,0.351945
0.461104,0.313598
0.394608,0.423851
0.41704,0.54414
0.666323,0.286206
0.465872,0.308935
0.421261,0.431913
0.444775,0.537082
0.656205,0.255459
0.460488,0.311966
0.436828,0.443875
0.470042,0.523335
0.631043,0.250859
0.488332,0.287872
0.471987,0.403525
0.497375,0.480673
end 
0.624422,0.656099
0.473978,0.577052
0.43843,0.55395
0.397757,0.516372
0.351399,0.487879
0.635805,0.355959
0.479325,0.307129
0.416932,0.412212
0.440076,0.528282
0.655482,0.293836
0.478843,0.305268
0.436061,0.41649
0.460201,0.511819
0.643151,0.266476
0.470139,0.310643
0.44814,0.432432
0.478667,0.508428
0.617097,0.265565
0.486752,0.299035
0.470614,0.406068
0.49289,0.482472
end 
0.621593,0.661907
0.458088,0.57402
0.4279,0.540261
0.391025,0.499646
0.340522,0.468895
0.634722,0.35289
0.47654,0.300683
0.415334,0.400106
0.435948,0.512089
0.654961,0.290415
0.474215,0.297297
0.436699,0.409366
0.464131,0.499865
0.642391,0.262281
0.465474,0.300581
0.445076,0.423802
0.479761,0.494717
0.619349,0.262488
0.484986,0.287522
0.471057,0.392616
0.49734,0.4641
end 
0.617005,0.673904
0.462662,0.59479
0.432327,0.564674
0.394956,0.519974
0.34482,0.48068
0.631986,0.363033
0.475789,0.300823
0.406969,0.399503
0.421086,0.514979
0.651762,0.299743
0.470159,0.299496
0.423943,0.411921
0.446129,0.508902
0.641087,0.269003
0.465147,0.305163
0.439507,0.428794
0.468575,0.505547
0.618101,0.265234
0.486632,0.292498
0.472037,0.393871
0.496005,0.464061
end 
0.61812,0.631661
0.457564,0.572172
0.420635,0.550642
0.378948,0.51726
0.331642,0.483217
0.617148,0.350859
0.462912,0.318446
0.404676,0.425298
0.425644,0.541338
0.646778,0.287329
0.470104,0.319023
0.437196,0.432081
0.463409,0.519765
0.645373,0.26078
0.474605,0.328737
0.460182,0.450473
0.495231,0.51343
0.630755,0.26113
0.508345,0.308878
0.498522,0.412013
0.521829,0.47767
end 
0.610463,0.68188
0.456473,0.597749
0.428056,0.557669
0.388796,0.508253
0.341127,0.464844
0.638565,0.362307
0.482849,0.292454
0.411857,0.391385
0.422966,0.510038
0.652309,0.30429
0.477995,0.292433
0.432171,0.401482
0.453938,0.503222
0.639109,0.277405
0.468757,0.299336
0.440077,0.42159
0.46883,0.504268
0.613828,0.274919
0.486598,0.291974
0.470409,0.390564
0.491881,0.46314
end 
0.608457,0.67829
0.458637,0.585523
0.430235,0.545726
0.390358,0.503479
0.346468,0.473335
0.64323,0.357145
0.488423,0.288369
0.418222,0.390031
0.433773,0.510721
0.653939,0.29661
0.478308,0.287613
0.429736,0.406614
0.453597,0.514254
0.632819,0.273236
0.460042,0.29478
0.434547,0.422135
0.465327,0.511394
0.599374,0.276614
0.471768,0.294103
0.455269,0.395451
0.477499,0.473144
end 
0.622208,0.608799
0.449731,0.556335
0.406826,0.544686
0.363264,0.524356
0.317723,0.515341
0.627268,0.350126
0.479852,0.319637
0.427217,0.424921
0.449927,0.54316
0.658787,0.288329
0.502054,0.307379
0.464838,0.423127
0.480773,0.523557
0.656768,0.261491
0.506368,0.317249
0.483036,0.442453
0.503316,0.515301
0.636922,0.264521
0.523908,0.302487
0.507537,0.404832
0.518553,0.477728
end 
0.61934,0.615119
0.461287,0.563787
0.421768,0.562125
0.37765,0.539567
0.334625,0.519434
0.635625,0.347173
0.492314,0.310776
0.428593,0.417413
0.441811,0.541241
0.653936,0.279832
0.492256,0.305669
0.448572,0.427101
0.465612,0.529377
0.641618,0.248726
0.480248,0.314926
0.459779,0.440177
0.484438,0.513947
0.614808,0.245845
0.494047,0.302769
0.476412,0.406926
0.493114,0.475624
end 
0.625703,0.638016
0.469452,0.581052
0.438824,0.567876
0.39588,0.533964
0.351308,0.50216
0.638248,0.357323
0.475267,0.316061
0.412428,0.426234
0.432329,0.547938
0.654396,0.291165
0.475105,0.312969
0.433984,0.432089
0.458823,0.53149
0.641195,0.260076
0.467161,0.323299
0.449188,0.449786
0.480728,0.519823
0.615622,0.256642
0.483389,0.306546
0.469705,0.415241
0.495417,0.482049
end 
0.611353,0.634576
0.440849,0.582912
0.404424,0.569362
0.368915,0.543492
0.331377,0.516661
0.617808,0.359107
0.46576,0.326021
0.412598,0.434994
0.438845,0.552523
0.646093,0.291739
0.469908,0.311881
0.438891,0.436577
0.466975,0.532159
0.643539,0.259054
0.473274,0.31269
0.464516,0.448009
0.501951,0.522152
0.624757,0.253974
0.506837,0.286782
0.502356,0.398994
0.528762,0.47496
end 
0.558537,0.911553
0.394231,0.846921
0.284396,0.756456
0.228956,0.628401
0.249774,0.538338
0.44076,0.655176
0.438128,0.450858
0.431984,0.344862
0.428364,0.259562
0.55893,0.642296
0.605357,0.454414
0.612036,0.340707
0.613282,0.261081
0.65798,0.663846
0.712903,0.480258
0.717704,0.382427
0.706737,0.324265
0.737234,0.704131
0.784055,0.562773
0.788071,0.494618
0.773976,0.453912
end 
0.515367,0.863277
0.382274,0.819107
0.301838,0.714851
0.262319,0.611945
0.220802,0.539758
0.418013,0.503941
0.393089,0.37444
0.380171,0.285875
0.376886,0.212324
0.520048,0.495121
0.541374,0.346216
0.553177,0.246291
0.568389,0.171651
0.605847,0.523565
0.633666,0.391664
0.650981,0.288838
0.668459,0.20566
0.681728,0.587645
0.734178,0.499637
0.771305,0.433188
0.809301,0.358775
end 
0.520503,0.85368
0.400353,0.807538
0.313758,0.706054
0.264777,0.612332
0.226331,0.546863
0.41224,0.50764
0.382908,0.391073
0.371606,0.312552
0.37371,0.246234
0.504561,0.49925
0.51251,0.369576
0.519475,0.278983
0.532872,0.206552
0.583004,0.521626
0.603956,0.405416
0.618285,0.31442
0.634748,0.237522
0.6539,0.576668
0.701502,0.494443
0.733057,0.432411
0.764238,0.36577
end 
0.521113,0.845271
0.412181,0.782092
0.334647,0.685956
0.291901,0.590786
0.260833,0.515422
0.44242,0.483084
0.421831,0.37406
0.413209,0.293432
0.415067,0.224773
0.536189,0.480907
0.559918,0.352895
0.573985,0.264816
0.590944,0.1954
0.612311,0.511955
0.64363,0.399271
0.666404,0.307236
0.686567,0.232205
0.67844,0.577786
0.729181,0.497098
0.764275,0.436142
0.797547,0.369849
end 
0.523317,0.820389
0.417415,0.770645
0.331851,0.681766
0.284207,0.591501
0.255876,0.519175
0.436264,0.489352
0.412709,0.379349
0.399942,0.301783
0.395613,0.235698
0.523789,0.483541
0.537063,0.354799
0.545187,0.263341
0.559133,0.18742
0.598133,0.508508
0.621575,0.393603
0.637028,0.301631
0.65252,0.221979
0.663014,0.56713
0.713847,0.483457
0.743396,0.420994
0.770848,0.353691
end 
0.521604,0.81926
0.422094,0.770415
0.338871,0.683766
0.295417,0.595272
0.263471,0.524709
0.435794,0.493419
0.416857,0.386552
0.407429,0.309757
0.406392,0.24324
0.525348,0.489736
0.541837,0.363345
0.551045,0.272414
0.565794,0.196209
0.600132,0.513517
0.626227,0.403216
0.641466,0.310533
0.655543,0.229896
0.666723,0.569269
0.714634,0.488197
0.742266,0.428258
0.765722,0.36341
end 
0.527934,0.830082
0.425317,0.773704
0.344847,0.688339
0.296507,0.600121
0.254512,0.527357
0.440565,0.494353
0.419157,0.391551
0.408013,0.312469
0.405429,0.242031
0.530563,0.487682
0.546489,0.365079
0.554923,0.274736
0.568053,0.198204
0.605937,0.510967
0.632369,0.40431
0.649074,0.3131
0.665143,0.230305
0.67072,0.569335
0.719001,0.490805
0.747911,0.431655
0.775686,0.363558
end 
0.525389,0.820105
0.422518,0.766824
0.34292,0.683174
0.295744,0.596631
0.254157,0.527899
0.440132,0.496485
0.418652,0.385574
0.407898,0.304305
0.405493,0.235573
0.528435,0.490337
0.5452,0.362604
0.555086,0.269348
0.568284,0.191209
0.6042,0.513737
0.630659,0.403635
0.647965,0.309788
0.663745,0.226814
0.669321,0.569177
0.717046,0.487875
0.746905,0.424598
0.772666,0.354396
end 
0.527993,0.822257
0.426856,0.771539
0.344126,0.687185
0.294929,0.600886
0.257655,0.53232
0.435625,0.491446
0.411998,0.387038
0.402277,0.309475
0.400435,0.240737
0.52492,0.485756
0.536613,0.363874
0.543521,0.27411
0.55674,0.194442
0.601193,0.510155
0.623914,0.404278
0.639483,0.312615
0.655654,0.228043
0.667678,0.568539
0.714596,0.492453
0.742705,0.433823
0.769641,0.36326
end 
0.513394,0.819674
0.412483,0.736917
0.338612,0.636014
0.327361,0.540576
0.377856,0.487112
0.44447,0.486174
0.449946,0.360137
0.439681,0.402513
0.441707,0.431891
0.513972,0.496608
0.531911,0.373782
0.496579,0.46421
0.477838,0.530907
0.583494,0.526263
0.61341,0.409166
0.563117,0.49001
0.537751,0.56465
0.64965,0.557775
0.674392,0.464251
0.624801,0.499721
0.587059,0.557257
end 
0.532168,0.814269
0.390222,0.699815
0.307522,0.562337
0.320215,0.40199
0.383733,0.306807
0.410766,0.354795
0.422667,0.23252
0.415341,0.344515
0.396532,0.412333
0.503983,0.34298
0.517433,0.246276
0.491203,0.404935
0.474287,0.473381
0.601957,0.359373
0.627918,0.253118
0.583831,0.401383
0.556022,0.477886
0.69344,0.402305
0.72131,0.292494
0.671036,0.374424
0.631196,0.441844
end 
0.55459,0.813874
0.408817,0.704821
0.322735,0.556464
0.327946,0.37911
0.382035,0.251513
0.41404,0.31734
0.440904,0.199499
0.441927,0.305408
0.430122,0.378489
0.518601,0.314567
0.55045,0.228528
0.522139,0.389752
0.502551,0.467386
0.623598,0.335378
0.669008,0.244795
0.617797,0.402609
0.583582,0.485284
0.729156,0.381014
0.770054,0.285388
0.717793,0.374573
0.672995,0.442816
end 
0.544112,0.814141
0.393706,0.703017
0.318991,0.539258
0.35222,0.343017
0.432994,0.207452
0.408232,0.281226
0.458797,0.164546
0.456613,0.30517
0.43906,0.400508
0.523587,0.294789
0.57933,0.202747
0.537696,0.38276
0.508347,0.480582
0.638999,0.326803
0.703714,0.237478
0.634311,0.410696
0.592212,0.502445
0.754526,0.381704
0.803109,0.287317
0.737696,0.38968
0.688349,0.464145
end 
0.517748,0.823197
0.351835,0.69189
0.285536,0.522398
0.339328,0.32912
0.445392,0.222854
0.400929,0.272472
0.450641,0.16003
0.435339,0.320141
0.411129,0.421023
0.519975,0.293802
0.580421,0.201237
0.521488,0.399268
0.479873,0.492938
0.639549,0.332281
0.705522,0.241265
0.617121,0.425074
0.565301,0.509679
0.756884,0.39784
0.809128,0.302481
0.726748,0.412798
0.667629,0.486058
end 
0.505235,0.826024
0.326986,0.710196
0.251271,0.528817
0.291621,0.339537
0.386716,0.240952
0.392174,0.277584
0.441847,0.160878
0.422412,0.328813
0.397513,0.442072
0.514932,0.304036
0.574677,0.202022
0.510482,0.406257
0.465352,0.512651
0.636865,0.34295
0.699854,0.242427
0.608302,0.434242
0.552936,0.532621
0.752557,0.408184
0.8051,0.310225
0.720107,0.416629
0.650059,0.492562
end 
0.456069,0.870989
0.233379,0.746985
0.146124,0.567105
0.194187,0.391916
0.342659,0.326961
0.359068,0.341936
0.412038,0.192922
0.364216,0.345574
0.314275,0.448485
0.495509,0.367283
0.552473,0.237709
0.465295,0.428793
0.407746,0.532172
0.627671,0.414219
0.68273,0.281702
0.5729,0.453855
0.503921,0.558421
0.750724,0.482824
0.795042,0.358804
0.702217,0.463535
0.627362,0.557735
end 
0.611805,0.853027
0.660888,0.625367
0.643946,0.49807
0.61836,0.388775
0.545761,0.310449
0.645226,0.434898
0.609631,0.265492
0.556238,0.189782
0.515814,0.173583
0.610022,0.489319
0.466288,0.408225
0.380641,0.400038
0.351571,0.437964
0.558121,0.564775
0.397465,0.514977
0.330803,0.531458
0.320401,0.57361
0.501011,0.655242
0.375232,0.633271
0.314423,0.625579
0.307348,0.619701
end 
0.554124,0.74362
0.453923,0.678441
0.447723,0.605475
0.44522,0.50777
0.433362,0.431545
0.615014,0.433763
0.512296,0.294862
0.436898,0.346824
0.438589,0.427831
0.604663,0.384989
0.481194,0.296426
0.392597,0.372824
0.396518,0.469345
0.569519,0.366108
0.442249,0.322756
0.390124,0.4163
0.410913,0.506785
0.525948,0.37378
0.4299,0.3398
0.39222,0.407388
0.400949,0.483445
end 
0.323803,0.741071
0.373715,0.69834
0.452128,0.615619
0.530305,0.540535
0.598433,0.4704
0.37783,0.383406
0.56403,0.405199
0.569312,0.476549
0.518112,0.483488
0.37677,0.347714
0.601985,0.370551
0.587068,0.442867
0.50611,0.451618
0.386921,0.327747
0.577663,0.394804
0.56955,0.468918
0.501037,0.487199
0.410672,0.320112
0.532642,0.393377
0.531498,0.447884
0.474616,0.451073
end 
0.555917,0.749198
0.433191,0.651324
0.398769,0.571122
0.384078,0.483364
0.357817,0.424583
0.593361,0.420393
0.509241,0.294841
0.436233,0.358564
0.426016,0.453244
0.612058,0.368379
0.506534,0.290836
0.427019,0.378931
0.41681,0.487282
0.605937,0.344016
0.49284,0.304009
0.431588,0.406806
0.434987,0.507081
0.58388,0.341666
0.498969,0.328754
0.463592,0.400413
0.463386,0.474146
end 
0.537443,0.89524
0.389932,0.833551
0.302666,0.709649
0.272869,0.5765
0.275114,0.494515
0.425092,0.545326
0.377686,0.400153
0.363267,0.320863
0.367851,0.266384
0.531881,0.523919
0.521457,0.375944
0.511959,0.298836
0.509376,0.269078
0.621172,0.54588
0.64052,0.41255
0.64529,0.331751
0.648638,0.289753
0.694436,0.596495
0.759699,0.512492
0.791314,0.453368
0.81318,0.405567
end 
0.610837,0.77687
0.506983,0.695121
0.426678,0.564078
0.39671,0.462761
0.4304,0.385771
0.546387,0.405587
0.547519,0.271224
0.557848,0.18238
0.57452,0.109834
0.636254,0.398674
0.663177,0.264613
0.682029,0.173875
0.706374,0.0868027
0.708404,0.420388
0.745416,0.290306
0.76782,0.206586
0.79306,0.125271
0.77268,0.476913
0.826881,0.389676
0.862577,0.330292
0.890579,0.259973
end 
0.529622,0.832395
0.429169,0.754916
0.36219,0.638646
0.343293,0.525799
0.343346,0.450856
0.474545,0.463898
0.466639,0.346822
0.474442,0.257399
0.492804,0.181297
0.561658,0.4665
0.593101,0.342361
0.615963,0.258393
0.643774,0.204094
0.632483,0.498376
0.674375,0.38886
0.702172,0.311399
0.73041,0.256761
0.699471,0.555916
0.754096,0.472456
0.788265,0.416805
0.820413,0.364192
end 
0.503898,0.822878
0.400262,0.755388
0.321573,0.656747
0.29318,0.560523
0.299275,0.485679
0.408781,0.466236
0.393315,0.349231
0.39622,0.271702
0.410063,0.204801
0.501919,0.463563
0.514632,0.343948
0.529195,0.265218
0.553662,0.203091
0.578298,0.491557
0.603665,0.379838
0.62529,0.301426
0.647401,0.237269
0.648813,0.547153
0.693699,0.455792
0.719435,0.396514
0.742173,0.334737
end 
0.50044,0.821132
0.392939,0.756833
0.310739,0.650644
0.287044,0.551576
0.303984,0.480621
0.405033,0.458406
0.394688,0.343914
0.403888,0.266433
0.422502,0.202754
0.500508,0.457705
0.515107,0.337312
0.531202,0.257442
0.556209,0.198934
0.579987,0.487146
0.607402,0.377379
0.627127,0.298518
0.646692,0.238723
0.652953,0.542931
0.696347,0.453682
0.720118,0.393402
0.739937,0.333621
end 
0.488229,0.856159
0.372606,0.770243
0.304197,0.644175
0.286674,0.53336
0.312229,0.470746
0.404398,0.463847
0.390529,0.343816
0.385984,0.290406
0.379115,0.26899
0.492832,0.466218
0.489521,0.340422
0.473376,0.281577
0.444754,0.269104
0.571472,0.502604
0.576128,0.391155
0.563687,0.331833
0.537659,0.311097
0.648383,0.564566
0.690107,0.487542
0.708207,0.444702
0.703547,0.40498
end 
0.593945,0.84081
0.508861,0.784782
0.391598,0.662282
0.288011,0.531542
0.191515,0.427434
0.508,0.525165
0.48987,0.408006
0.488577,0.353385
0.488111,0.322149
0.572769,0.48098
0.575656,0.35117
0.584431,0.33323
0.602614,0.342619
0.614685,0.463611
0.605828,0.336095
0.625321,0.340302
0.649664,0.38078
0.640486,0.459677
0.64118,0.342761
0.648626,0.359777
0.677041,0.397403
end 
0.588453,0.636629
0.575453,0.591707
0.618828,0.569893
0.630222,0.55997
0.643859,0.558879
0.700615,0.387304
0.645598,0.296978
0.597007,0.329343
0.590809,0.418072
0.63645,0.343686
0.544021,0.291205
0.46492,0.392254
0.437912,0.509072
0.57297,0.32853
0.444899,0.330311
0.406398,0.454055
0.41589,0.554082
0.512828,0.349351
0.406597,0.36623
0.37504,0.465448
0.38499,0.553628
end 
0.611367,0.904138
0.515988,0.836278
0.410489,0.736385
0.325282,0.662663
0.237874,0.62587
0.575497,0.551871
0.411214,0.402885
0.283032,0.412827
0.225063,0.436172
0.594429,0.531083
0.402136,0.367712
0.272651,0.372347
0.219435,0.382659
0.572169,0.542979
0.382092,0.37902
0.25102,0.38101
0.170655,0.40036
0.526298,0.588493
0.380956,0.455538
0.280732,0.434858
0.219248,0.440017
end 
0.609358,0.876103
0.497095,0.806722
0.44544,0.703538
0.423331,0.576089
0.40624,0.447829
0.596402,0.563633
0.603207,0.369837
0.566926,0.285606
0.532531,0.242442
0.636515,0.552503
0.547688,0.421073
0.425808,0.419981
0.35038,0.468
0.656956,0.571868
0.533645,0.477558
0.440582,0.526691
0.397732,0.604972
0.665297,0.617291
0.58675,0.527507
0.509241,0.551181
0.46438,0.619428
end 
0.506917,0.798925
0.605458,0.768155
0.664157,0.680385
0.667296,0.617935
0.616355,0.594738
0.58607,0.574239
0.565988,0.472362
0.543857,0.442333
0.515588,0.425282
0.486866,0.592982
0.411254,0.498735
0.390302,0.488372
0.362423,0.493143
0.405105,0.625844
0.308106,0.570794
0.291955,0.566928
0.279949,0.581335
0.353513,0.676246
0.249202,0.655082
0.209076,0.641375
0.168953,0.63485
end 
0.690747,0.762818
0.514564,0.549674
0.432701,0.448845
0.362159,0.355163
0.319442,0.290427
0.590114,0.260448
0.349247,0.208764
0.249158,0.267583
0.221132,0.344386
0.664824,0.317393
0.340915,0.346314
0.284744,0.435624
0.295041,0.505412
0.68061,0.418152
0.349232,0.480884
0.297885,0.566141
0.298274,0.612134
0.690235,0.528963
0.433589,0.606593
0.383672,0.685518
0.382183,0.713167
end 
0.487391,0.771419
0.484332,0.648034
0.50046,0.551338
0.487714,0.463191
0.459857,0.432395
0.558976,0.407854
0.495503,0.240405
0.461204,0.264121
0.48467,0.317466
0.53231,0.35757
0.476301,0.244103
0.434311,0.289137
0.43535,0.366618
0.496292,0.348094
0.433282,0.263796
0.414345,0.346719
0.431311,0.436599
0.458236,0.361089
0.416978,0.318924
0.40558,0.376096
0.406451,0.43911
end 
0.454269,0.770584
0.436887,0.629315
0.4607,0.535803
0.46115,0.450296
0.44124,0.429733
0.521623,0.403427
0.479497,0.236513
0.462924,0.263985
0.499091,0.311137
0.506719,0.359846
0.475329,0.224999
0.447549,0.262172
0.455039,0.339167
0.482862,0.350232
0.440487,0.234815
0.432283,0.3092
0.456278,0.403042
0.450506,0.36221
0.427469,0.279823
0.420372,0.325738
0.427717,0.395472
end 
0.480168,0.738261
0.451543,0.610894
0.475316,0.546352
0.470452,0.466339
0.447257,0.44502
0.549351,0.374623
0.484953,0.235915
0.461395,0.295022
0.504228,0.36135
0.53465,0.325299
0.46796,0.24308
0.428137,0.320523
0.438554,0.419151
0.506006,0.314501
0.424098,0.258357
0.414148,0.362699
0.450735,0.463861
0.467782,0.329174
0.416544,0.288928
0.404037,0.359247
0.421249,0.434323
end 
0.468231,0.747503
0.442724,0.622452
0.460199,0.531812
0.450093,0.447665
0.423579,0.426114
0.556839,0.37916
0.485948,0.231231
0.454726,0.273505
0.490575,0.329871
0.530123,0.332106
0.467034,0.237235
0.423842,0.295127
0.429486,0.382654
0.489365,0.321516
0.416056,0.251425
0.397509,0.345005
0.425529,0.445231
0.440634,0.332713
0.39364,0.282251
0.383503,0.344067
0.394769,0.420362
end 
0.464613,0.749815
0.429779,0.612253
0.457834,0.526086
0.460884,0.447209
0.440192,0.433816
0.533237,0.370837
0.476852,0.226124
0.456644,0.268533
0.499312,0.326925
0.518337,0.326912
0.477421,0.223042
0.440358,0.273617
0.447529,0.359998
0.489239,0.320601
0.437399,0.240289
0.419589,0.328217
0.444485,0.423378
0.451995,0.338259
0.421078,0.283968
0.409181,0.342324
0.418213,0.411899
end 
0.430273,0.759028
0.422073,0.620716
0.451263,0.531007
0.463767,0.447259
0.454282,0.428336
0.492657,0.382036
0.476866,0.225619
0.480255,0.260235
0.534044,0.319603
0.477888,0.343862
0.489106,0.218878
0.475277,0.260545
0.487896,0.347884
0.455186,0.337714
0.452292,0.237209
0.452983,0.321063
0.480699,0.420525
0.42745,0.352289
0.435173,0.282616
0.439977,0.33681
0.453298,0.411244
end 
0.501621,0.750711
0.447997,0.629875
0.457682,0.558178
0.44479,0.480338
0.416676,0.457278
0.576571,0.396657
0.507439,0.241162
0.457804,0.269493
0.474607,0.320811
0.558998,0.347274
0.488499,0.22339
0.421574,0.266646
0.4151,0.354381
0.521937,0.333668
0.442611,0.237916
0.400596,0.31007
0.414114,0.402471
0.476243,0.341488
0.422981,0.264744
0.392414,0.31112
0.38915,0.385613
end 
0.463025,0.750284
0.440426,0.637345
0.465938,0.57089
0.467601,0.493375
0.448342,0.46368
0.530316,0.392659
0.47423,0.231461
0.456179,0.275387
0.502575,0.339847
0.515749,0.339715
0.467158,0.223119
0.431152,0.286913
0.44428,0.38273
0.490684,0.324323
0.422055,0.234973
0.414277,0.333112
0.452284,0.436274
0.456506,0.336856
0.418063,0.271844
0.409477,0.33567
0.426327,0.412584
end 
0.420003,0.751072
0.40326,0.614197
0.436203,0.529115
0.44934,0.451295
0.443913,0.430698
0.482937,0.373968
0.476329,0.227623
0.485839,0.267416
0.541135,0.328879
0.469463,0.330933
0.486729,0.213978
0.481858,0.273601
0.496757,0.374283
0.447736,0.320591
0.445981,0.236005
0.455148,0.335196
0.489719,0.442245
0.421694,0.332887
0.429494,0.273071
0.437601,0.337619
0.454846,0.419175
end 
0.454941,0.744955
0.428847,0.630272
0.459657,0.553101
0.466048,0.481458
0.446678,0.461696
0.521661,0.387847
0.49388,0.230702
0.490568,0.268737
0.540219,0.328079
0.494707,0.342429
0.490451,0.204879
0.470622,0.26498
0.480142,0.366234
0.461817,0.329412
0.437845,0.230619
0.436218,0.332377
0.469959,0.437522
0.424934,0.338151
0.411461,0.280415
0.411656,0.346037
0.428588,0.419816
end 
0.438264,0.73626
0.410532,0.607968
0.444666,0.532753
0.458815,0.464657
0.456078,0.448965
0.500419,0.366365
0.466972,0.229237
0.47225,0.282216
0.530436,0.346045
0.485035,0.316979
0.47942,0.210142
0.470901,0.278149
0.487198,0.377611
0.461769,0.301026
0.435298,0.229888
0.441487,0.336796
0.47884,0.439536
0.431324,0.308507
0.42123,0.264487
0.42586,0.335124
0.442363,0.409204
end 
0.431154,0.755315
0.407774,0.626489
0.446524,0.549097
0.462916,0.476432
0.461112,0.453226
0.490184,0.384401
0.471621,0.234232
0.484745,0.280629
0.542406,0.343061
0.478464,0.339276
0.48251,0.215052
0.478019,0.274002
0.491496,0.369165
0.462415,0.325042
0.443258,0.235171
0.454476,0.334293
0.490823,0.436444
0.437434,0.331983
0.43419,0.275988
0.44184,0.337966
0.459382,0.408412
end 
0.426228,0.758459
0.414637,0.617274
0.445112,0.534974
0.456149,0.458338
0.447692,0.438725
0.48963,0.380147
0.470791,0.231551
0.486237,0.278253
0.544681,0.339285
0.470012,0.336193
0.482482,0.213724
0.484104,0.277495
0.500295,0.376038
0.446885,0.324269
0.438287,0.236063
0.453194,0.340591
0.490076,0.445371
0.41779,0.334211
0.423225,0.279428
0.435041,0.345402
0.452905,0.419315
end 
0.481578,0.740073
0.432209,0.634398
0.465059,0.568825
0.474579,0.500631
0.458566,0.486973
0.540387,0.380376
0.475727,0.244109
0.455552,0.302534
0.498528,0.367723
0.528903,0.324212
0.472438,0.21967
0.434441,0.292423
0.443227,0.387107
0.505404,0.307338
0.435544,0.239574
0.4223,0.339787
0.456342,0.430778
0.472823,0.31543
0.432037,0.275418
0.416036,0.344987
0.427671,0.41084
end 
0.43988,0.743326
0.415155,0.624469
0.451279,0.549026
0.465816,0.476288
0.45879,0.459797
0.495411,0.38104
0.481477,0.231438
0.49514,0.279026
0.55412,0.344513
0.481949,0.33425
0.486493,0.224092
0.485149,0.282532
0.502224,0.373284
0.46276,0.325376
0.447282,0.252773
0.459798,0.352149
0.49978,0.451354
0.437424,0.33851
0.436722,0.295667
0.441967,0.360087
0.459985,0.429402
end 
0.45709,0.753139
0.424689,0.625416
0.457497,0.55195
0.468623,0.47899
0.457746,0.457689
0.516392,0.374176
0.47991,0.231594
0.481889,0.285854
0.533525,0.356593
0.504134,0.325167
0.485721,0.213873
0.471918,0.28644
0.486443,0.384086
0.482095,0.313409
0.446666,0.238811
0.448932,0.345729
0.484248,0.447174
0.450502,0.32342
0.436204,0.28255
0.436404,0.352596
0.453258,0.42587
end 
0.450237,0.753898
0.432562,0.628883
0.4632,0.552864
0.468784,0.475445
0.455309,0.446944
0.516769,0.390085
0.483582,0.232939
0.492692,0.275456
0.552487,0.34208
0.497542,0.34234
0.482124,0.218991
0.476467,0.282387
0.499247,0.380961
0.471855,0.33247
0.439507,0.243242
0.450567,0.347665
0.494157,0.454586
0.438909,0.345807
0.424502,0.291681
0.430973,0.355872
0.455,0.430786
end 
0.467753,0.758013
0.422728,0.625593
0.452814,0.549293
0.457515,0.468643
0.4362,0.441514
0.539174,0.381075
0.475284,0.238874
0.460882,0.293132
0.508811,0.35648
0.524249,0.331813
0.47077,0.225942
0.440945,0.293457
0.45407,0.38582
0.495156,0.316819
0.42395,0.241981
0.4149,0.345336
0.451329,0.445483
0.4551,0.324693
0.414947,0.281373
0.406901,0.350982
0.422657,0.424786
end 
0.466572,0.755404
0.425578,0.617958
0.457648,0.543664
0.462326,0.469864
0.442123,0.445128
0.529996,0.377384
0.476046,0.237315
0.471155,0.29066
0.524701,0.35354
0.515781,0.330007
0.477634,0.226697
0.459947,0.292357
0.47767,0.38468
0.49098,0.318494
0.434855,0.244387
0.434393,0.348125
0.473339,0.448502
0.457728,0.331165
0.426412,0.282984
0.425115,0.351339
0.444967,0.423298
end 
0.462302,0.752752
0.423187,0.612642
0.44861,0.542024
0.451739,0.470834
0.437961,0.443551
0.525016,0.374487
0.481051,0.232259
0.477049,0.284545
0.526136,0.3553
0.512009,0.329516
0.476169,0.230658
0.462832,0.302399
0.477094,0.400863
0.486487,0.316343
0.435486,0.250747
0.438958,0.357301
0.474264,0.462126
0.45414,0.327858
0.425795,0.287349
0.426977,0.357063
0.445186,0.431469
end 
0.451141,0.766128
0.421985,0.621908
0.452916,0.542334
0.463821,0.464847
0.458094,0.434151
0.510884,0.39052
0.48081,0.232813
0.483579,0.273271
0.533423,0.340556
0.498051,0.347949
0.483267,0.224989
0.47411,0.279401
0.483995,0.372613
0.475555,0.33721
0.443366,0.24883
0.449596,0.344631
0.481037,0.449618
0.446273,0.349315
0.43651,0.290682
0.436422,0.349222
0.446582,0.423359
end 
0.440997,0.771557
0.419567,0.63174
0.449593,0.545131
0.462484,0.462699
0.457237,0.428302
0.49894,0.390305
0.481797,0.239307
0.498683,0.276811
0.559795,0.336369
0.4887,0.347322
0.489914,0.227564
0.49129,0.28462
0.510077,0.379123
0.468993,0.33685
0.450602,0.250046
0.463277,0.345385
0.499215,0.44841
0.440383,0.351567
0.438224,0.295556
0.446073,0.351413
0.463545,0.42236
end 
0.505213,0.749509
0.447414,0.62918
0.469017,0.559285
0.462535,0.479535
0.437709,0.450848
0.5748,0.381544
0.474453,0.240564
0.440771,0.297401
0.479196,0.373856
0.557282,0.329137
0.458914,0.236813
0.420532,0.310788
0.43501,0.4085
0.52286,0.311161
0.406321,0.251222
0.389326,0.356868
0.426024,0.456079
0.478409,0.319392
0.397847,0.279607
0.384009,0.352507
0.401076,0.425736
end 
0.460816,0.759143
0.420565,0.647157
0.447239,0.576525
0.458218,0.497977
0.445642,0.464561
0.515987,0.400158
0.479358,0.23786
0.480398,0.276856
0.535119,0.343002
0.508011,0.351035
0.485496,0.225757
0.472428,0.287479
0.48858,0.382515
0.488818,0.335117
0.442224,0.246622
0.449757,0.344777
0.487411,0.447956
0.460486,0.343025
0.435932,0.285235
0.436848,0.343955
0.454453,0.417768
end 
0.445902,0.751889
0.395296,0.636089
0.428296,0.574381
0.442278,0.504664
0.432043,0.471201
0.495253,0.393881
0.479389,0.233072
0.488962,0.275896
0.543098,0.344458
0.491056,0.342715
0.488286,0.226372
0.483474,0.293929
0.4972,0.389986
0.478249,0.324273
0.451862,0.24269
0.463272,0.344427
0.49821,0.448715
0.457736,0.330825
0.444824,0.278666
0.448318,0.341811
0.46508,0.414861
end 
0.456962,0.753105
0.408563,0.634171
0.438882,0.568461
0.453882,0.494592
0.444854,0.464616
0.500881,0.393531
0.461837,0.23526
0.46579,0.277888
0.523323,0.347356
0.500368,0.342741
0.473342,0.219466
0.461801,0.283777
0.479207,0.381173
0.49045,0.322914
0.440747,0.229912
0.450161,0.324959
0.48861,0.426219
0.472025,0.327346
0.444254,0.262807
0.444255,0.316299
0.461088,0.384724
end 
0.46635,0.753193
0.41565,0.629939
0.444277,0.563492
0.45681,0.489213
0.449715,0.462684
0.513707,0.393541
0.46678,0.231163
0.467017,0.272856
0.521735,0.343311
0.51117,0.344583
0.474275,0.224397
0.459486,0.285951
0.472482,0.382322
0.498912,0.329439
0.44232,0.241498
0.444394,0.332523
0.477929,0.433978
0.478093,0.338095
0.445826,0.279849
0.44024,0.331842
0.452079,0.401502
end 
0.471262,0.754694
0.421325,0.627055
0.449436,0.557309
0.455824,0.481469
0.441004,0.46092
0.53168,0.390055
0.459098,0.241009
0.444466,0.291657
0.493249,0.36118
0.525246,0.339584
0.4595,0.225214
0.433513,0.290356
0.448222,0.382154
0.504301,0.32193
0.424392,0.232694
0.419399,0.326425
0.45242,0.421093
0.474503,0.327352
0.425613,0.268825
0.416363,0.322277
0.426272,0.385009
end 
0.486,0.746011
0.437517,0.632456
0.459171,0.563547
0.46234,0.484414
0.448222,0.459034
0.548404,0.39134
0.479076,0.247636
0.463763,0.300069
0.514492,0.367449
0.540203,0.334561
0.477925,0.220004
0.453238,0.285453
0.469304,0.379248
0.517738,0.317027
0.439244,0.235544
0.435875,0.338669
0.473736,0.440059
0.481932,0.32501
0.434307,0.282525
0.428227,0.350063
0.443697,0.420478
end 
0.493553,0.738323
0.439392,0.61656
0.46139,0.550699
0.458024,0.47293
0.439209,0.455177
0.563943,0.384294
0.473154,0.247435
0.442809,0.307748
0.480488,0.37747
0.547921,0.324934
0.460812,0.229291
0.424559,0.307768
0.438946,0.401862
0.516623,0.30487
0.411359,0.237649
0.397677,0.34089
0.433642,0.435299
0.476437,0.309404
0.409634,0.27355
0.39602,0.341354
0.409884,0.4053
end 
0.472314,0.754053
0.424045,0.621864
0.451025,0.551019
0.460151,0.475504
0.45305,0.455983
0.525275,0.390902
0.46646,0.251173
0.456225,0.30896
0.505989,0.376072
0.521167,0.335446
0.470122,0.222659
0.448539,0.292486
0.464041,0.379458
0.503334,0.313599
0.432917,0.229366
0.431522,0.332022
0.469255,0.42404
0.475569,0.314353
0.433623,0.267427
0.428522,0.334022
0.444534,0.397547
end 
0.474946,0.758164
0.426028,0.613038
0.455273,0.540876
0.458678,0.462692
0.444298,0.441624
0.543367,0.379763
0.467961,0.245637
0.447359,0.304548
0.49157,0.370577
0.531635,0.326007
0.467143,0.223143
0.441147,0.291131
0.456869,0.377868
0.50623,0.307053
0.420698,0.232729
0.416505,0.335282
0.45416,0.427663
0.469829,0.311026
0.417745,0.270532
0.412472,0.338639
0.428104,0.402441
end 
0.510104,0.740299
0.434296,0.604457
0.458833,0.544378
0.458241,0.473705
0.437116,0.45288
0.582354,0.37135
0.470224,0.256785
0.429183,0.320577
0.462481,0.390017
0.571892,0.307759
0.459029,0.233427
0.411304,0.308648
0.416796,0.393166
0.541422,0.280559
0.40939,0.226411
0.390841,0.328781
0.425078,0.416329
0.498762,0.278029
0.408977,0.245366
0.393615,0.318168
0.408696,0.380828
end 
0.481068,0.75979
0.423028,0.605948
0.457278,0.53438
0.466411,0.454811
0.45015,0.428781
0.546216,0.379164
0.44633,0.251876
0.422963,0.311703
0.467663,0.373717
0.54022,0.328506
0.448226,0.235979
0.40928,0.298039
0.419974,0.378218
0.517837,0.310758
0.406535,0.234737
0.392147,0.326856
0.426069,0.410753
0.484916,0.319158
0.414398,0.270952
0.403267,0.333774
0.419116,0.391337
end 
0.51943,0.743855
0.441521,0.609511
0.47097,0.549248
0.47207,0.476032
0.451148,0.454733
0.585888,0.365833
0.454046,0.255477
0.415497,0.329532
0.456984,0.397867
0.57699,0.300686
0.44252,0.228462
0.390916,0.307377
0.400527,0.388215
0.546762,0.272776
0.388943,0.219355
0.369585,0.323108
0.409228,0.405788
0.503804,0.273137
0.398953,0.240241
0.383882,0.317056
0.404641,0.378802
end 
